<generator object PPO.save_probs.<locals>.<genexpr> at 0x00000233FE22BC30>
[25.61188889 39.77272797]
[28.75874138 36.71328735]
[26.0489502  36.88811111]
[25.5244751  31.90559387]
[26.0489502  23.86363602]
[25.78671265 20.45454597]
[26.92307663 20.01748276]
[29.63286781 20.01748276]
[27.6223774  23.51398659]
[22.81468582 24.21328735]
[28.23426628 22.02797127]
[22.81468582 24.21328735]
[28.23426628 22.02797127]
[22.81468582 24.21328735]
[30.33216858 21.85314751]
[24.65035057 25.43706322]
[30.33216858 21.85314751]
[24.65035057 25.43706322]
[30.33216858 21.85314751]
[24.65035057 25.43706322]
[29.63286781 19.84265709]
[27.18531418 24.12587357]
[21.67832184 21.41608429]
[21.67832184 20.8041954 ]
[23.86363602 19.49300766]
[20.89160919 21.24125862]
[18.79370689 24.82517433]
[17.65734291 29.80769157]
[18.96853065 38.98601532]
[24.38811111 42.13286591]
[26.48601341 40.99650192]
[25.96153831 41.1713295 ]
[26.0489502  36.88811111]
[25.5244751  31.90559387]
[25.26223755 24.21328735]
[24.91258812 20.45454597]
[26.0489502  20.19230843]
[27.27272797 16.95804214]
[26.92307663 16.60839081]
[27.36013985 20.62936974]
[24.4755249  21.76573372]
[23.60139847 20.27972031]
[26.48601341 19.14335632]
[26.48601341 19.14335632]
[23.77622414 20.01748276]
[25.61188889 20.10489464]
[22.29021072 21.15384674]
[17.83216858 28.75874138]
[17.83216858 28.75874138]
[16.87063026 28.05944061]
[16.87063026 28.05944061]
[16.87063026 28.05944061]
[16.87063026 28.05944061]
[16.43356705 30.68181801]
[17.83216858 29.28321648]
