<generator object PPO.save_probs.<locals>.<genexpr> at 0x00000233FE22BC30>
[17.74475479 24.73776245]
[16.87063026 16.6958046 ]
[17.74475479 24.73776245]
[16.87063026 16.6958046 ]
[16.1713295  25.78671265]
[16.87063026 16.6958046 ]
[16.1713295  25.78671265]
[16.87063026 16.6958046 ]
[16.87063026 23.4265728 ]
[17.13286781 14.51048946]
[14.68531513 18.88111877]
[15.1223774  11.36363602]
[15.99650383 18.79370689]
[15.1223774  11.36363602]
[15.99650383 18.79370689]
[15.99650383 11.53846169]
[15.99650383 18.79370689]
[15.99650383 11.53846169]
[16.87063026 17.74475479]
[15.99650383 11.53846169]
[16.87063026 17.74475479]
[17.48251724 11.36363602]
[16.87063026 17.74475479]
[17.48251724 11.36363602]
[18.61888123 16.6958046 ]
[13.19930077 19.84265709]
[18.61888123 16.6958046 ]
[13.19930077 19.84265709]
[17.74475479 17.74475479]
[12.76223755 20.27972031]
[16.1713295  17.91958046]
[15.1223774  11.36363602]
[16.1713295  17.91958046]
[15.1223774  11.36363602]
[17.74475479 17.74475479]
[12.76223755 20.27972031]
[16.1713295  17.91958046]
[15.1223774  11.36363602]
[16.1713295  17.91958046]
[15.1223774  11.36363602]
[17.74475479 17.74475479]
[12.76223755 20.27972031]
[16.1713295  17.91958046]
[15.1223774  11.36363602]
[17.74475479 17.74475479]
[12.06293678 19.93007088]
[15.909091   19.93007088]
[15.1223774 13.2867136]
[16.1713295  17.91958046]
[15.1223774  11.36363602]
[17.74475479 17.74475479]
[12.76223755 20.27972031]
[16.1713295  17.91958046]
[15.1223774 13.2867136]
[16.1713295  17.91958046]
[15.1223774  11.36363602]
[17.74475479 17.74475479]
[12.76223755 20.27972031]
[16.1713295  17.91958046]
[15.1223774 13.2867136]
[16.1713295  17.91958046]
[15.1223774  11.36363602]
[17.74475479 17.74475479]
[12.06293678 19.93007088]
[15.909091   19.93007088]
[15.1223774 13.2867136]
[16.1713295  17.91958046]
[15.1223774  11.36363602]
[17.74475479 17.74475479]
[12.06293678 19.93007088]
[15.909091   19.93007088]
[15.1223774 13.2867136]
[16.1713295  17.91958046]
[15.1223774  11.36363602]
[11.45104885 17.04545403]
[12.93706322 10.31468487]
[12.5        16.78321648]
[13.63636398 10.48951054]
[12.5        16.78321648]
[13.63636398 10.48951054]
[14.07342625 15.38461494]
[13.63636398 10.48951054]
[14.07342625 15.38461494]
[14.5979023  10.57692337]
[14.07342625 15.38461494]
[14.5979023  10.57692337]
[14.07342625 15.38461494]
[14.5979023  10.57692337]
[14.07342625 15.38461494]
[14.5979023  10.57692337]
[15.909091  14.5979023]
[11.1888113  18.44405556]
[14.94755268 13.19930077]
[11.1888113  18.44405556]
[14.94755268 13.19930077]
[11.1888113  18.44405556]
[14.94755268 13.19930077]
[11.1888113  18.44405556]
[14.94755268 13.19930077]
[11.1888113  18.44405556]
[14.16083908 13.19930077]
[10.92657375 18.44405556]
[14.16083908 13.19930077]
[10.92657375 18.44405556]
[13.11188793 13.72377586]
[12.67482471  8.74125862]
[14.16083908 13.19930077]
[10.92657375 18.44405556]
[14.16083908 13.19930077]
[10.92657375 18.44405556]
[13.11188793 13.72377586]
[12.67482471  8.74125862]
[14.16083908 13.19930077]
[10.92657375 18.44405556]
[14.16083908 13.19930077]
[10.92657375 18.44405556]
[13.11188793 13.72377586]
[12.67482471  8.74125862]
[14.16083908 13.19930077]
[11.1888113  18.44405556]
[14.16083908 13.19930077]
[10.92657375 18.44405556]
[14.16083908 13.19930077]
[10.92657375 18.44405556]
[13.89860153 12.06293678]
[ 9.79020977 18.35664368]
[13.11188793 13.72377586]
[12.67482471  8.74125862]
[14.16083908 13.19930077]
[10.92657375 18.44405556]
[14.94755268 11.7132864 ]
[10.92657375 18.44405556]
[13.89860153 12.06293678]
[ 9.79020977 18.35664368]
[13.89860153 12.06293678]
[ 9.79020977 18.35664368]
[12.84965038 15.03496456]
[12.67482471  8.74125862]
[14.16083908 13.19930077]
[10.92657375 18.44405556]
[13.11188793 13.72377586]
[12.67482471  8.74125862]
[14.16083908 13.19930077]
[10.92657375 18.44405556]
[14.94755268 11.7132864 ]
[10.92657375 18.44405556]
[14.94755268 11.7132864 ]
[10.92657375 18.44405556]
[13.89860153 12.06293678]
[ 9.79020977 18.35664368]
[13.89860153 12.06293678]
[ 9.79020977 18.35664368]
[13.63636398 13.8111887 ]
[12.67482471  8.74125862]
[14.94755268 11.7132864 ]
[10.92657375 18.44405556]
[13.89860153 12.06293678]
[10.92657375 18.44405556]
[13.89860153 12.06293678]
[ 9.79020977 18.35664368]
[17.04545403 16.08391571]
[12.67482471 20.27972031]
[16.1713295  17.30769157]
[14.68531513 10.83916092]
[13.11188793 13.72377586]
[13.37412548  9.090909  ]
[14.16083908 13.19930077]
[11.1888113  18.44405556]
[14.16083908 13.19930077]
[10.92657375 18.44405556]
[18.88111877 13.37412548]
[10.92657375 18.44405556]
[17.48251724 13.63636398]
[13.54895115 20.36713219]
[17.48251724 13.63636398]
[12.67482471 20.27972031]
[17.48251724 13.63636398]
[12.67482471 20.27972031]
[17.04545403 16.08391571]
[12.58741283 22.11538506]
[16.1713295  17.30769157]
[14.68531513 10.83916092]
[16.6958046  15.38461494]
[12.67482471 20.27972031]
[16.1713295  17.30769157]
[14.94755268  9.61538506]
[18.09440613 14.86013985]
[13.54895115 20.36713219]
[16.6958046  15.38461494]
[12.67482471 20.27972031]
[16.6958046  15.38461494]
[12.67482471 20.27972031]
[16.1713295  17.30769157]
[14.68531513 10.83916092]
[16.6958046  15.38461494]
[12.67482471 20.27972031]
[16.6958046  15.38461494]
[12.67482471 20.27972031]
[16.1713295  17.30769157]
[14.68531513 10.83916092]
[16.6958046  15.38461494]
[13.54895115 20.36713219]
[16.6958046  15.38461494]
[12.67482471 20.27972031]
[16.1713295  17.30769157]
[14.68531513 10.83916092]
[16.6958046  15.38461494]
[12.67482471 20.27972031]
[16.6958046  15.38461494]
[12.67482471 20.27972031]
[16.1713295  17.30769157]
[14.68531513 10.83916092]
[16.6958046  15.38461494]
[12.67482471 20.27972031]
[16.1713295  17.30769157]
[14.94755268  9.61538506]
[16.6958046  15.38461494]
[13.54895115 20.36713219]
[16.6958046  15.38461494]
[12.67482471 20.27972031]
[16.1713295  17.30769157]
[14.68531513 10.83916092]
[16.6958046  15.38461494]
[12.67482471 20.27972031]
[16.1713295  17.30769157]
[14.68531513 10.83916092]
[16.6958046  15.38461494]
[12.67482471 20.27972031]
[16.6958046  15.38461494]
[12.67482471 20.27972031]
[16.1713295  17.30769157]
[14.68531513 10.83916092]
[16.6958046  15.38461494]
[12.67482471 20.27972031]
[16.1713295  17.30769157]
[15.1223774 13.2867136]
[16.1713295  17.91958046]
[15.1223774  11.36363602]
[17.74475479 17.74475479]
[12.06293678 19.93007088]
[16.1713295  17.91958046]
[15.1223774  11.36363602]
[12.41258717 15.99650383]
[12.93706322 10.31468487]
[13.63636398 15.64685345]
[13.63636398 10.48951054]
[14.07342625 15.38461494]
[14.5979023  10.57692337]
[14.94755268 13.19930077]
[11.1888113  18.44405556]
[14.94755268 13.19930077]
[11.1888113  18.44405556]
[14.16083908 13.19930077]
[10.92657375 18.44405556]
[14.16083908 13.19930077]
[10.92657375 18.44405556]
[13.11188793 13.72377586]
[12.67482471  8.74125862]
[14.16083908 13.19930077]
[10.92657375 18.44405556]
[13.11188793 13.72377586]
[12.67482471  8.74125862]
[14.16083908 13.19930077]
[10.92657375 18.44405556]
[13.11188793 13.72377586]
[12.67482471  8.74125862]
[14.16083908 13.19930077]
[10.92657375 18.44405556]
[14.16083908 13.19930077]
[10.92657375 18.44405556]
[13.11188793 13.72377586]
[12.67482471  8.74125862]
[14.16083908 13.19930077]
[10.92657375 18.44405556]
[13.11188793 13.72377586]
[13.37412548  9.090909  ]
[14.16083908 13.19930077]
[11.1888113  18.44405556]
[14.16083908 13.19930077]
[10.92657375 18.44405556]
[13.11188793 13.72377586]
[12.67482471  8.74125862]
[14.16083908 13.19930077]
[10.92657375 18.44405556]
[14.16083908 13.19930077]
[10.92657375 18.44405556]
[13.11188793 13.72377586]
[12.67482471  8.74125862]
[14.16083908 13.19930077]
[11.1888113  18.44405556]
[14.16083908 13.19930077]
[10.92657375 18.44405556]
[13.11188793 13.72377586]
[13.37412548  9.090909  ]
[14.94755268 13.19930077]
[11.1888113  18.44405556]
[14.16083908 13.19930077]
[10.92657375 18.44405556]
[14.94755268 11.7132864 ]
[10.92657375 18.44405556]
[13.89860153 12.06293678]
[10.92657375 18.44405556]
[13.89860153 12.06293678]
[ 9.79020977 18.35664368]
[13.89860153 12.06293678]
[ 9.79020977 18.35664368]
[16.1713295  17.30769157]
[14.68531513 10.83916092]
[13.11188793 13.72377586]
[13.37412548  9.090909  ]
[14.94755268 13.19930077]
[11.1888113  18.44405556]
[14.94755268 11.7132864 ]
[10.92657375 18.44405556]
[14.94755268 11.7132864 ]
[10.92657375 18.44405556]
[17.48251724 13.63636398]
[10.92657375 18.44405556]
[17.48251724 13.63636398]
[12.67482471 20.27972031]
[17.48251724 13.63636398]
[12.67482471 20.27972031]
[17.04545403 16.08391571]
[12.58741283 22.11538506]
[17.04545403 16.08391571]
[12.58741283 22.11538506]
[16.1713295  17.30769157]
[14.68531513 10.83916092]
[16.6958046  15.38461494]
[12.67482471 20.27972031]
[16.1713295  17.30769157]
[14.68531513 10.83916092]
[16.6958046  15.38461494]
[12.67482471 20.27972031]
[16.6958046  15.38461494]
[12.67482471 20.27972031]
[16.1713295  17.30769157]
[14.68531513 10.83916092]
[16.6958046  15.38461494]
[12.67482471 20.27972031]
[16.6958046  15.38461494]
[12.67482471 20.27972031]
[16.1713295  17.30769157]
[14.68531513 10.83916092]
[16.6958046  15.38461494]
[12.67482471 20.27972031]
[16.6958046  15.38461494]
[12.67482471 20.27972031]
[16.1713295  17.30769157]
[14.68531513 10.83916092]
[16.6958046  15.38461494]
[12.67482471 20.27972031]
[16.1713295  17.30769157]
[14.68531513 10.83916092]
[16.6958046  15.38461494]
[13.54895115 20.36713219]
[16.6958046  15.38461494]
[12.67482471 20.27972031]
[16.1713295  17.30769157]
[14.68531513 10.83916092]
[16.6958046  15.38461494]
[12.67482471 20.27972031]
[16.1713295  17.30769157]
[14.68531513 10.83916092]
[16.6958046  15.38461494]
[12.67482471 20.27972031]
[16.1713295  17.30769157]
[14.68531513 10.83916092]
[16.6958046  15.38461494]
[12.67482471 20.27972031]
[16.6958046  15.38461494]
[12.67482471 20.27972031]
[16.1713295  17.30769157]
[14.68531513 10.83916092]
[16.1713295  17.91958046]
[15.1223774  11.36363602]
[12.41258717 15.99650383]
[12.93706322 10.31468487]
[13.63636398 15.64685345]
[13.63636398 10.48951054]
[14.94755268 13.19930077]
[11.1888113  18.44405556]
[14.16083908 13.19930077]
[10.92657375 18.44405556]
[14.16083908 13.19930077]
[10.92657375 18.44405556]
[13.11188793 13.72377586]
[12.67482471  8.74125862]
[14.16083908 13.19930077]
[10.92657375 18.44405556]
[13.11188793 13.72377586]
[12.67482471  8.74125862]
[14.16083908 13.19930077]
[10.92657375 18.44405556]
[13.11188793 13.72377586]
[12.67482471  8.74125862]
[14.16083908 13.19930077]
[10.92657375 18.44405556]
[13.11188793 13.72377586]
[12.67482471  8.74125862]
[14.16083908 13.19930077]
[10.92657375 18.44405556]
[13.11188793 13.72377586]
[12.67482471  8.74125862]
[14.16083908 13.19930077]
[10.92657375 18.44405556]
[14.16083908 13.19930077]
[10.92657375 18.44405556]
[13.11188793 13.72377586]
[12.67482471  8.74125862]
[14.16083908 13.19930077]
[10.92657375 18.44405556]
[13.11188793 13.72377586]
[12.67482471  8.74125862]
[14.16083908 13.19930077]
[10.92657375 18.44405556]
[13.11188793 13.72377586]
[12.67482471  8.74125862]
[14.16083908 13.19930077]
[10.92657375 18.44405556]
[14.16083908 13.19930077]
[10.92657375 18.44405556]
[13.11188793 13.72377586]
[12.67482471  8.74125862]
[14.16083908 13.19930077]
[10.92657375 18.44405556]
[13.11188793 13.72377586]
[12.67482471  8.74125862]
[14.16083908 13.19930077]
[10.92657375 18.44405556]
[14.16083908 13.19930077]
[10.92657375 18.44405556]
[13.11188793 13.72377586]
[12.67482471  8.74125862]
[14.16083908 13.19930077]
[10.92657375 18.44405556]
[14.16083908 13.19930077]
[10.92657375 18.44405556]
[13.11188793 13.72377586]
[12.67482471  8.74125862]
[14.16083908 13.19930077]
[10.92657375 18.44405556]
[14.16083908 13.19930077]
[10.92657375 18.44405556]
[13.11188793 13.72377586]
[12.67482471  8.74125862]
[14.16083908 13.19930077]
[10.92657375 18.44405556]
[14.16083908 13.19930077]
[10.92657375 18.44405556]
[13.11188793 13.72377586]
[12.67482471  8.74125862]
[14.16083908 13.19930077]
[10.92657375 18.44405556]
[14.16083908 13.19930077]
[10.92657375 18.44405556]
[13.11188793 13.72377586]
[12.67482471  8.74125862]
[14.16083908 13.19930077]
[11.1888113  18.44405556]
[14.16083908 13.19930077]
[10.92657375 18.44405556]
[14.16083908 13.19930077]
[10.92657375 18.44405556]
[13.11188793 13.72377586]
[12.67482471  8.74125862]
[14.16083908 13.19930077]
[10.92657375 18.44405556]
[14.94755268 11.7132864 ]
[10.92657375 18.44405556]
[13.89860153 12.06293678]
[10.92657375 18.44405556]
[13.89860153 12.06293678]
[ 9.79020977 18.35664368]
[13.89860153 12.06293678]
[ 9.79020977 18.35664368]
[13.63636398 13.8111887 ]
[12.67482471  8.74125862]
[14.16083908 13.19930077]
[10.92657375 18.44405556]
[13.89860153 12.06293678]
[ 9.79020977 18.35664368]
[13.11188793 13.72377586]
[12.67482471  8.74125862]
[14.16083908 13.19930077]
[10.92657375 18.44405556]
[14.94755268 11.7132864 ]
[10.92657375 18.44405556]
[13.89860153 12.06293678]
[ 9.79020977 18.35664368]
[17.48251724 13.63636398]
[ 9.79020977 18.35664368]
[17.04545403 16.08391571]
[12.67482471 20.27972031]
[16.1713295  17.30769157]
[14.68531513 10.83916092]
[16.6958046  15.38461494]
[ 9.79020977 18.35664368]
[16.6958046  15.38461494]
