<generator object PPO.save_probs.<locals>.<genexpr> at 0x0000017E4849FF40>
[25.72463799 33.33333206]
[25.60386467 29.347826  ]
[24.87922668 24.51690865]
[27.41545868 26.69082069]
[26.57004738 27.65700531]
[27.41545868 26.69082069]
[27.05314064 26.08695602]
[24.27536201 25.        ]
[26.32850266 29.95169067]
[26.08695602 29.58937263]
[26.32850266 22.22222137]
[29.95169067 22.82608604]
[28.5024147 25.       ]
[25.60386467 24.27536201]
[24.27536201 24.27536201]
[19.08212471 27.17391396]
[18.71980667 30.79710197]
[20.28985596 32.00482941]
[22.34299469 32.00482941]
[24.87922668 29.71014404]
[24.39613533 26.32850266]
[24.87922668 26.32850266]
[25.24154663 24.39613533]
[26.20772934 20.28985596]
[28.5024147  18.71980667]
[32.12560272 22.34299469]
[30.67632866 25.        ]
[27.05314064 24.63768196]
[25.8454113  24.39613533]
[23.18840599 24.27536201]
[19.92753601 27.65700531]
[20.04830933 29.58937263]
[23.91304398 30.55555534]
[26.08695602 29.10627937]
[24.87922668 26.32850266]
[24.87922668 26.32850266]
[26.81159401 20.652174  ]
[26.69082069 19.08212471]
[27.89855003 18.35748863]
[30.79710197 21.98067665]
[29.347826   23.55072403]
[26.08695602 24.39613533]
[25.24154663 24.27536201]
[24.1545887  24.03381729]
[20.652174   24.39613533]
[17.87439537 28.01932335]
[18.47826004 28.62318802]
[18.59903336 29.46859932]
[22.10144997 29.71014404]
[25.         28.62318802]
[24.39613533 26.20772934]
[24.39613533 26.20772934]
[25.24154663 24.39613533]
[24.75845337 23.79227066]
[26.08695602 19.8067627 ]
[28.5024147  23.06763268]
[26.08695602 23.30917931]
[24.63768196 23.79227066]
[22.58454132 24.63768196]
[19.92753601 28.26086998]
[21.85990334 28.98550797]
[25.36231804 29.10627937]
[24.75845337 25.24154663]
[24.75845337 25.24154663]
[27.05314064 20.16908264]
[26.69082069 19.08212471]
[27.89855003 18.35748863]
[30.79710197 22.82608604]
[28.14009666 23.30917931]
[26.08695602 24.39613533]
[25.24154663 24.27536201]
[22.46376801 23.79227066]
[22.10144997 25.72463799]
[19.92753601 28.26086998]
[22.82608604 29.46859932]
[25.24154663 28.14009666]
[24.75845337 25.24154663]
[24.75845337 25.24154663]
[27.05314064 20.16908264]
[26.69082069 19.08212471]
[27.89855003 18.35748863]
[30.79710197 21.98067665]
[27.65700531 24.1545887 ]
[25.24154663 25.36231804]
[29.10627937 24.39613533]
[26.08695602 24.39613533]
[25.24154663 24.27536201]
[22.46376801 23.79227066]
[19.44444466 27.05314064]
[19.92753601 28.26086998]
[22.82608604 29.46859932]
[25.24154663 28.14009666]
[24.75845337 25.24154663]
[24.75845337 25.24154663]
[26.81159401 18.59903336]
[27.41545868 19.32367134]
[27.41545868 19.32367134]
[29.58937263 21.98067665]
[27.65700531 24.1545887 ]
[25.         24.75845337]
[23.91304398 24.75845337]
[27.29468536 25.        ]
[24.03381729 25.36231804]
[25.72463799 24.27536201]
[22.70531464 24.87922668]
[25.12077332 26.32850266]
[26.20772934 28.74396133]
[25.         26.44927597]
[26.20772934 22.22222137]
[27.41545868 22.34299469]
[28.14009666 24.39613533]
[25.72463799 24.27536201]
[22.70531464 24.87922668]
[25.12077332 26.32850266]
[26.32850266 28.62318802]
[25.60386467 26.69082069]
[26.20772934 20.652174  ]
[27.41545868 22.34299469]
[30.07246399 24.63768196]
[27.29468536 25.        ]
[22.70531464 24.87922668]
[25.36231804 25.        ]
[21.85990334 26.57004738]
[22.34299469 27.05314064]
[25.36231804 29.83091736]
[24.87922668 25.48309135]
[25.24154663 24.1545887 ]
[26.57004738 21.4975853 ]
[28.14009666 24.39613533]
[25.72463799 24.27536201]
[22.22222137 25.60386467]
[23.06763268 27.77777863]
[26.20772934 28.74396133]
[25.36231804 24.63768196]
[27.65700531 27.05314064]
[25.12077332 26.32850266]
[26.32850266 28.62318802]
[25.36231804 24.63768196]
[27.65700531 27.05314064]
[25.12077332 26.32850266]
[26.32850266 28.62318802]
[26.81159401 24.75845337]
[28.01932335 25.60386467]
[25.36231804 25.        ]
[21.85990334 26.57004738]
[20.89372063 28.74396133]
[25.36231804 29.83091736]
[24.87922668 27.53623199]
[25.24154663 24.1545887 ]
[26.81159401 24.75845337]
[28.01932335 25.60386467]
[25.36231804 25.        ]
[21.85990334 26.57004738]
[23.06763268 27.77777863]
[25.8454113  29.83091736]
[25.60386467 27.53623199]
[25.24154663 24.1545887 ]
[26.81159401 24.75845337]
[27.41545868 25.24154663]
[25.36231804 25.        ]
[21.85990334 26.57004738]
[23.06763268 27.77777863]
[25.24154663 29.58937263]
[25.60386467 27.53623199]
[25.24154663 24.1545887 ]
[26.81159401 24.75845337]
[27.41545868 25.24154663]
[25.36231804 25.        ]
[21.85990334 26.57004738]
[21.98067665 29.22705269]
[25.24154663 29.58937263]
[25.60386467 27.53623199]
[25.36231804 25.36231804]
[25.60386467 26.69082069]
[26.20772934 22.22222137]
[27.41545868 22.34299469]
[25.60386467 24.51690865]
[24.03381729 24.63768196]
[27.41545868 25.24154663]
[23.79227066 25.24154663]
[27.17391396 27.29468536]
[26.81159401 24.75845337]
[27.41545868 25.24154663]
[23.79227066 25.24154663]
[25.72463799 28.3816433 ]
[25.60386467 26.69082069]
[26.20772934 22.22222137]
[27.41545868 22.34299469]
[27.29468536 24.03381729]
[24.03381729 24.63768196]
[27.29468536 24.03381729]
[24.03381729 24.63768196]
[27.17391396 27.29468536]
[26.81159401 24.75845337]
[27.41545868 25.24154663]
[25.36231804 25.        ]
[21.85990334 26.57004738]
[21.98067665 29.22705269]
[25.24154663 29.58937263]
[25.60386467 27.53623199]
[25.36231804 25.36231804]
[26.81159401 24.75845337]
[27.17391396 27.29468536]
[26.81159401 24.75845337]
[27.41545868 25.24154663]
[23.79227066 25.24154663]
[27.17391396 27.29468536]
[26.81159401 24.75845337]
[27.41545868 25.24154663]
[23.67149734 26.57004738]
[25.72463799 28.3816433 ]
[25.60386467 26.69082069]
[26.20772934 22.22222137]
[27.41545868 22.34299469]
[27.29468536 24.03381729]
[24.03381729 24.63768196]
[27.41545868 25.24154663]
[23.79227066 25.24154663]
[27.17391396 27.29468536]
[26.81159401 24.75845337]
[27.41545868 25.24154663]
[23.79227066 25.24154663]
[25.72463799 28.3816433 ]
[25.60386467 26.69082069]
[26.20772934 22.22222137]
[27.41545868 22.34299469]
[27.29468536 24.03381729]
[24.03381729 24.63768196]
[27.29468536 24.03381729]
[25.72463799 24.27536201]
[22.22222137 25.60386467]
[23.06763268 27.77777863]
[25.24154663 29.58937263]
[25.60386467 27.53623199]
[25.24154663 24.1545887 ]
[26.81159401 24.75845337]
[27.41545868 25.24154663]
[23.79227066 25.24154663]
[27.17391396 27.29468536]
[26.81159401 24.75845337]
[27.41545868 25.24154663]
[23.67149734 26.57004738]
[25.72463799 28.3816433 ]
[25.60386467 26.69082069]
[26.20772934 22.22222137]
[27.41545868 22.34299469]
[27.29468536 24.03381729]
[24.03381729 24.63768196]
[27.29468536 24.03381729]
[25.72463799 24.27536201]
[21.85990334 26.57004738]
[23.06763268 27.77777863]
[25.24154663 29.58937263]
[25.60386467 27.53623199]
[25.24154663 24.1545887 ]
[26.81159401 24.75845337]
[27.41545868 25.24154663]
[23.79227066 25.24154663]
[25.72463799 28.3816433 ]
[25.60386467 26.69082069]
[26.20772934 22.22222137]
[27.41545868 22.34299469]
[27.29468536 24.03381729]
[24.03381729 24.63768196]
[27.29468536 24.03381729]
[24.03381729 24.63768196]
[27.17391396 27.29468536]
[26.81159401 24.75845337]
[27.41545868 25.24154663]
[25.36231804 25.        ]
[21.85990334 26.57004738]
[23.06763268 27.77777863]
[25.24154663 29.58937263]
[25.60386467 27.53623199]
[25.36231804 25.36231804]
[26.81159401 24.75845337]
[27.17391396 27.29468536]
[26.81159401 24.75845337]
[27.41545868 25.24154663]
[23.79227066 25.24154663]
[27.17391396 27.29468536]
[26.81159401 24.75845337]
[27.41545868 25.24154663]
[23.67149734 26.57004738]
[25.72463799 28.3816433 ]
[25.60386467 26.69082069]
[26.20772934 22.22222137]
[27.41545868 22.34299469]
[27.29468536 24.03381729]
[24.03381729 24.63768196]
[27.41545868 25.24154663]
[23.79227066 25.24154663]
[27.17391396 27.29468536]
[26.81159401 24.75845337]
[27.41545868 25.24154663]
[23.79227066 25.24154663]
[27.17391396 27.29468536]
[25.60386467 26.69082069]
[26.20772934 22.22222137]
[27.41545868 22.34299469]
[27.29468536 24.03381729]
[25.72463799 24.27536201]
[22.70531464 24.87922668]
[25.12077332 26.32850266]
[25.72463799 28.3816433 ]
[25.60386467 26.69082069]
[26.20772934 22.22222137]
[27.41545868 22.34299469]
[27.29468536 24.03381729]
[25.72463799 24.27536201]
[22.22222137 25.60386467]
[23.06763268 27.77777863]
[25.72463799 28.3816433 ]
[25.60386467 26.69082069]
[25.24154663 24.1545887 ]
[27.17391396 23.18840599]
[27.29468536 24.03381729]
[25.72463799 24.27536201]
[22.22222137 25.60386467]
[23.06763268 27.77777863]
[25.24154663 29.58937263]
[25.60386467 27.53623199]
[25.24154663 24.1545887 ]
[26.81159401 24.75845337]
[27.41545868 25.24154663]
[23.79227066 25.24154663]
[27.17391396 27.29468536]
[26.81159401 24.75845337]
[27.41545868 25.24154663]
[23.79227066 25.24154663]
[25.72463799 28.3816433 ]
[25.60386467 26.69082069]
[26.20772934 22.22222137]
[27.41545868 22.34299469]
[27.29468536 24.03381729]
[25.72463799 24.27536201]
[22.70531464 24.87922668]
[25.12077332 26.32850266]
[25.72463799 28.3816433 ]
[25.60386467 26.69082069]
[25.24154663 24.1545887 ]
[27.41545868 22.34299469]
[27.29468536 24.03381729]
[25.72463799 24.27536201]
[22.22222137 25.60386467]
[23.06763268 27.77777863]
[25.72463799 28.3816433 ]
[25.60386467 26.69082069]
[25.24154663 24.1545887 ]
[27.17391396 23.18840599]
[27.29468536 24.03381729]
[25.72463799 24.27536201]
[22.22222137 25.60386467]
[23.06763268 27.77777863]
[25.24154663 29.58937263]
[25.60386467 27.53623199]
[25.24154663 24.1545887 ]
[26.81159401 24.75845337]
[27.41545868 25.24154663]
[23.79227066 25.24154663]
[27.17391396 27.29468536]
[26.81159401 24.75845337]
[27.41545868 25.24154663]
[23.67149734 26.57004738]
[25.72463799 28.3816433 ]
[25.60386467 26.69082069]
[26.20772934 22.22222137]
[27.41545868 22.34299469]
[27.29468536 24.03381729]
[24.03381729 24.63768196]
[27.41545868 25.24154663]
[23.79227066 25.24154663]
[27.17391396 27.29468536]
[26.81159401 24.75845337]
[27.41545868 25.24154663]
[25.36231804 25.        ]
[21.85990334 26.57004738]
[21.98067665 29.22705269]
[25.24154663 29.58937263]
[25.60386467 27.53623199]
[25.36231804 25.36231804]
[25.60386467 26.69082069]
[26.20772934 22.22222137]
[27.41545868 22.34299469]
[25.60386467 24.51690865]
[24.03381729 24.63768196]
[27.41545868 25.24154663]
[23.79227066 25.24154663]
[27.17391396 27.29468536]
[26.81159401 24.75845337]
[27.41545868 25.24154663]
[23.79227066 25.24154663]
[25.72463799 28.3816433 ]
[25.60386467 26.69082069]
[26.20772934 22.22222137]
[27.41545868 22.34299469]
[27.29468536 24.03381729]
[24.03381729 24.63768196]
[27.29468536 24.03381729]
[25.72463799 24.27536201]
[21.85990334 26.57004738]
[23.06763268 27.77777863]
[25.24154663 29.58937263]
[25.60386467 27.53623199]
[25.24154663 24.1545887 ]
[26.81159401 24.75845337]
[27.41545868 25.24154663]
[23.79227066 25.24154663]
[25.72463799 28.3816433 ]
[25.60386467 26.69082069]
[26.20772934 22.22222137]
[27.41545868 22.34299469]
[27.29468536 24.03381729]
[24.03381729 24.63768196]
[27.29468536 24.03381729]
[24.03381729 24.63768196]
[27.17391396 27.29468536]
[26.81159401 24.75845337]
[27.41545868 25.24154663]
[25.36231804 25.        ]
[21.85990334 26.57004738]
[21.98067665 29.22705269]
[25.24154663 29.58937263]
[25.60386467 27.53623199]
[25.36231804 25.36231804]
[25.60386467 26.69082069]
[26.20772934 22.22222137]
[27.41545868 22.34299469]
[27.29468536 24.03381729]
[24.03381729 24.63768196]
[27.29468536 24.03381729]
[24.03381729 24.63768196]
[27.17391396 27.29468536]
[26.81159401 24.75845337]
[27.41545868 25.24154663]
[23.79227066 25.24154663]
[27.17391396 27.29468536]
[26.81159401 24.75845337]
[27.41545868 25.24154663]
[25.36231804 25.        ]
[21.85990334 26.57004738]
[21.98067665 29.22705269]
[25.24154663 29.58937263]
[25.60386467 27.53623199]
[25.36231804 25.36231804]
[25.60386467 26.69082069]
[26.20772934 22.22222137]
[27.41545868 22.34299469]
[25.60386467 24.51690865]
[24.03381729 24.63768196]
[27.41545868 25.24154663]
[23.79227066 25.24154663]
[27.17391396 27.29468536]
[26.81159401 24.75845337]
[27.41545868 25.24154663]
[23.67149734 26.57004738]
[25.72463799 28.3816433 ]
[25.60386467 26.69082069]
[26.20772934 22.22222137]
[27.41545868 22.34299469]
[27.29468536 24.03381729]
[24.03381729 24.63768196]
[27.41545868 25.24154663]
[23.79227066 25.24154663]
[27.17391396 27.29468536]
[26.81159401 24.75845337]
[27.41545868 25.24154663]
[23.79227066 25.24154663]
[27.17391396 27.29468536]
[25.60386467 26.69082069]
[26.20772934 22.22222137]
[27.41545868 22.34299469]
[27.29468536 24.03381729]
[25.72463799 24.27536201]
[22.70531464 24.87922668]
[25.12077332 26.32850266]
[25.72463799 28.3816433 ]
[25.60386467 26.69082069]
[26.20772934 22.22222137]
[27.41545868 22.34299469]
[27.29468536 24.03381729]
[25.72463799 24.27536201]
[22.22222137 25.60386467]
[23.06763268 27.77777863]
[25.72463799 28.3816433 ]
[25.60386467 26.69082069]
[25.24154663 24.1545887 ]
[27.17391396 23.18840599]
[27.29468536 24.03381729]
[25.72463799 24.27536201]
[22.22222137 25.60386467]
[23.06763268 27.77777863]
[25.24154663 29.58937263]
[25.60386467 27.53623199]
[25.24154663 24.1545887 ]
[26.81159401 24.75845337]
[27.41545868 25.24154663]
[23.79227066 25.24154663]
[27.17391396 27.29468536]
