<generator object PPO.save_probs.<locals>.<genexpr> at 0x0000017E4849FF40>
[33.81642532 39.49275208]
[34.05797195 36.47343063]
[33.93719864 29.46859932]
[35.99033737 33.33333206]
[38.04347992 34.29951859]
[33.33333206 33.93719864]
[34.90338135 36.59420395]
[35.50724792 34.90338135]
[36.59420395 35.02415466]
[32.12560272 35.14492798]
[34.90338135 36.59420395]
[35.50724792 34.90338135]
[34.90338135 36.59420395]
[36.231884   32.24637604]
[35.38647461 32.97101593]
[31.40096664 32.36714935]
[33.81642532 35.02415466]
[35.50724792 34.42028809]
[35.38647461 32.97101593]
[31.15942001 33.81642532]
[33.81642532 35.02415466]
[35.50724792 34.42028809]
[32.85024261 34.5410614 ]
[35.50724792 34.42028809]
[32.85024261 34.5410614 ]
[35.50724792 34.42028809]
[32.85024261 34.5410614 ]
[35.62801743 34.5410614 ]
[32.85024261 34.5410614 ]
[35.62801743 34.5410614 ]
[32.85024261 34.5410614 ]
[35.62801743 34.5410614 ]
[32.85024261 34.5410614 ]
[35.62801743 34.5410614 ]
[32.85024261 34.5410614 ]
[35.62801743 34.5410614 ]
[31.15942001 34.5410614 ]
[35.62801743 34.5410614 ]
[31.15942001 34.5410614 ]
[36.11111069 34.17874527]
[31.15942001 34.5410614 ]
[34.17874527 34.42028809]
[33.21255875 33.57487869]
[30.31400871 28.86473465]
[31.52173996 31.40096664]
[31.0386467  32.24637604]
[31.52173996 31.40096664]
[31.0386467  32.24637604]
[31.52173996 31.40096664]
[31.40096664 30.07246399]
[28.26086998 29.10627937]
[30.55555534 31.64251137]
[32.36714935 32.00482941]
[30.55555534 31.64251137]
[32.36714935 32.00482941]
[31.40096664 30.07246399]
[27.65700531 30.31400871]
[30.55555534 31.64251137]
[32.36714935 32.00482941]
[30.55555534 31.64251137]
[32.36714935 32.00482941]
[29.71014404 31.40096664]
[32.36714935 32.00482941]
[28.74396133 30.1932373 ]
[31.884058   30.79710197]
[28.74396133 30.1932373 ]
[32.12560272 30.67632866]
[28.74396133 30.1932373 ]
[32.12560272 30.67632866]
[28.74396133 30.1932373 ]
[32.12560272 30.67632866]
[28.74396133 30.1932373 ]
[32.12560272 30.67632866]
[28.74396133 30.1932373 ]
[32.12560272 30.67632866]
[28.74396133 30.1932373 ]
[32.12560272 30.67632866]
[27.17391396 30.79710197]
[31.76328468 30.1932373 ]
[27.17391396 30.79710197]
[31.76328468 30.1932373 ]
[27.17391396 30.79710197]
[30.79710197 30.79710197]
[25.96618271 31.28019333]
[29.10627937 30.79710197]
[30.67632866 29.83091736]
[29.10627937 30.79710197]
[30.79710197 30.1932373 ]
[29.22705269 29.46859932]
[30.79710197 30.1932373 ]
[29.22705269 29.46859932]
[31.76328468 30.07246399]
[29.22705269 29.46859932]
[31.76328468 30.07246399]
[28.5024147  29.95169067]
[32.00482941 30.07246399]
[28.5024147  29.95169067]
[32.00482941 30.07246399]
[28.5024147  29.95169067]
[32.00482941 30.07246399]
[28.5024147  29.95169067]
[31.15942001 30.43478203]
[26.81159401 30.43478203]
[30.91787529 29.95169067]
[25.72463799 31.0386467 ]
[30.91787529 29.95169067]
[25.72463799 31.0386467 ]
[29.22705269 30.1932373 ]
[31.76328468 29.10627937]
[29.22705269 30.1932373 ]
[31.76328468 29.58937263]
[29.58937263 30.43478203]
[32.7294693  30.91787529]
[29.58937263 30.43478203]
[32.7294693  30.91787529]
[28.98550797 31.15942001]
[32.7294693  30.91787529]
[28.98550797 31.15942001]
[33.09178925 31.28019333]
[28.98550797 31.15942001]
[33.09178925 31.28019333]
[28.98550797 31.15942001]
[33.09178925 31.28019333]
[27.29468536 31.884058  ]
[32.85024261 30.91787529]
[27.29468536 31.884058  ]
[32.85024261 30.91787529]
[27.29468536 31.884058  ]
[31.28019333 31.28019333]
[26.32850266 30.67632866]
[30.55555534 30.67632866]
[32.7294693  30.91787529]
[30.55555534 30.67632866]
[32.7294693  30.91787529]
[29.95169067 31.40096664]
[33.09178925 31.28019333]
[29.95169067 31.40096664]
[33.09178925 31.28019333]
[28.62318802 32.00482941]
[32.85024261 30.91787529]
[28.62318802 32.00482941]
[31.28019333 31.28019333]
[28.62318802 32.00482941]
[31.28019333 31.28019333]
[27.65700531 30.79710197]
[29.83091736 30.1932373 ]
[31.40096664 30.07246399]
[29.46859932 30.91787529]
[31.884058   30.43478203]
[29.46859932 30.91787529]
[31.64251137 29.95169067]
[27.89855003 31.52173996]
[30.43478203 30.43478203]
[26.69082069 30.43478203]
[29.83091736 30.1932373 ]
[31.40096664 30.07246399]
[29.46859932 30.91787529]
[31.884058   30.43478203]
[29.46859932 30.91787529]
[31.64251137 29.95169067]
[27.89855003 31.52173996]
[32.12560272 31.52173996]
[28.5024147 31.884058 ]
[31.52173996 31.52173996]
[28.5024147 31.884058 ]
[31.15942001 32.36714935]
[33.57487869 31.52173996]
[29.58937263 32.7294693 ]
[33.21255875 31.0386467 ]
[28.5024147 31.884058 ]
[31.52173996 31.52173996]
[28.5024147 31.884058 ]
[31.15942001 32.36714935]
[33.57487869 31.52173996]
[29.58937263 32.7294693 ]
[32.12560272 31.52173996]
[28.5024147 31.884058 ]
[31.52173996 31.52173996]
[28.5024147 31.884058 ]
[31.15942001 32.36714935]
[33.21255875 31.0386467 ]
[28.5024147 31.884058 ]
[31.52173996 31.52173996]
[28.5024147 31.884058 ]
[29.58937263 32.7294693 ]
[32.12560272 31.52173996]
