<generator object PPO.save_probs.<locals>.<genexpr> at 0x0000017E4849FE60>
[24.1545887  39.13043594]
[24.03381729 38.28502274]
[23.91304398 30.91787529]
[24.1545887  27.53623199]
[28.3816433 24.1545887]
[27.41545868 22.34299469]
[28.14009666 20.41062737]
[28.62318802 22.94685936]
[28.86473465 24.63768196]
[24.87922668 22.10144997]
[22.94685936 21.4975853 ]
[21.98067665 22.10144997]
[21.6183567  22.46376801]
[24.75845337 24.87922668]
[27.89855003 27.29468536]
[24.75845337 24.87922668]
[28.14009666 29.71014404]
[27.29468536 23.42995262]
[27.89855003 27.29468536]
[24.75845337 24.87922668]
[27.89855003 27.29468536]
[24.75845337 24.87922668]
[27.65700531 26.57004738]
[24.75845337 24.87922668]
[27.65700531 26.57004738]
[27.29468536 25.60386467]
[21.6183567  22.46376801]
[25.8454113 28.3816433]
[25.60386467 29.71014404]
[25.96618271 23.79227066]
[27.65700531 26.57004738]
[27.29468536 25.60386467]
[20.28985596 22.82608604]
[25.24154663 26.44927597]
[24.75845337 25.96618271]
[25.96618271 23.79227066]
[24.75845337 25.96618271]
[27.05314064 21.37681198]
[25.8454113  23.42995262]
[26.57004738 25.8454113 ]
[22.22222137 21.98067665]
[20.16908264 22.46376801]
[22.10144997 22.70531464]
[25.60386467 25.48309135]
[22.10144997 22.70531464]
[24.63768196 28.26086998]
[25.48309135 21.25603867]
[25.         24.39613533]
[22.22222137 23.42995262]
[23.79227066 23.42995262]
[21.01449203 22.82608604]
[23.79227066 23.42995262]
[20.53140068 23.67149734]
[23.42995262 22.22222137]
[20.53140068 23.67149734]
[23.42995262 22.22222137]
[20.77294731 24.03381729]
[23.30917931 20.16908264]
[20.28985596 23.67149734]
[23.30917931 20.16908264]
[19.20289803 22.58454132]
[22.58454132 19.56521797]
[19.32367134 21.4975853 ]
[22.58454132 19.56521797]
[19.20289803 20.53140068]
[22.58454132 19.56521797]
[18.84057999 19.44444466]
[22.58454132 19.56521797]
[18.84057999 19.44444466]
[22.82608604 19.92753601]
[19.20289803 20.16908264]
[22.82608604 19.92753601]
