<generator object TMQN.save_q_vals.<locals>.<genexpr> at 0x000001ECE9A53F40>
[-5.37036896 -6.48147964 -5.92592621]
[-5.37036896 -6.48147964 -5.92592621]
[-5.55555725 -6.29629517 -6.29629517]
[-5.55555725 -6.29629517 -6.29629517]
[-5.37036896 -5.74074173 -5.74074173]
[-5.37036896 -5.74074173 -5.74074173]
[-5.         -5.55555725 -5.37036896]
[-5.         -5.74074173 -5.18518448]
[-5.92592621 -5.92592621 -5.        ]
[-5.         -5.74074173 -5.        ]
[-5.74074173 -6.11111069 -5.55555725]
[-5.37036896 -6.48147964 -5.        ]
[-6.11111069 -6.48147964 -5.18518448]
[-6.11111069 -6.48147964 -5.18518448]
[-5.92592621 -5.92592621 -5.37036896]
[-5.74074173 -6.11111069 -5.92592621]
[-5.92592621 -5.55555725 -6.48147964]
[-5.74074173 -5.         -6.29629517]
[-5.74074173 -5.         -6.29629517]
[-5.         -5.74074173 -5.55555725]
[-5.92592621 -5.92592621 -5.        ]
[-5.92592621 -5.92592621 -5.        ]
[-5.74074173 -6.11111069 -5.55555725]
[-5.74074173 -6.48147964 -5.        ]
[-6.66666794 -6.29629517 -5.55555725]
[-6.29629517 -6.29629517 -6.11111069]
[-6.11111069 -5.74074173 -6.29629517]
[-6.29629517 -5.18518448 -6.85185242]
[-5.18518448 -5.         -5.        ]
[-5.74074173 -5.         -6.29629517]
[-5.92592621 -5.         -6.48147964]
[-5.37036896 -5.55555725 -6.29629517]
[-5.37036896 -5.55555725 -6.29629517]
[-6.29629517 -5.74074173 -5.18518448]
[-5.92592621 -6.11111069 -5.37036896]
[-5. -5. -5.]
[-6.66666794 -6.29629517 -5.55555725]
[-7.40740585 -6.11111069 -6.11111069]
[-6.85185242 -6.48147964 -6.66666794]
[-6.29629517 -5.18518448 -6.85185242]
[-5.55555725 -5.         -5.        ]
[-5.74074173 -5.18518448 -5.18518448]
[-5.         -5.         -6.66666794]
[-5.         -5.         -6.66666794]
[-5.         -5.55555725 -6.85185242]
[-6.85185242 -5.74074173 -6.29629517]
[-5.74074173 -5.74074173 -5.        ]
[-5. -5. -5.]
[-6.85185242 -6.48147964 -5.74074173]
[-5.74074173 -5.         -5.74074173]
[-5.74074173 -5.         -6.48147964]
[-5.55555725 -5.         -6.48147964]
[-6.29629517 -5.18518448 -5.74074173]
[-5. -5. -5.]
[-6.29629517 -5.         -6.11111069]
[-5.         -5.         -6.66666794]
[-5.         -5.         -5.37036896]
[-5.         -5.74074173 -6.29629517]
[-5.         -5.92592621 -5.55555725]
[-5. -5. -5.]
[-5.74074173 -6.48147964 -5.        ]
[-6.66666794 -6.29629517 -5.55555725]
[-6.85185242 -5.         -5.        ]
[-5.18518448 -5.         -5.        ]
[-6.66666794 -5.55555725 -7.0370369 ]
[-5.37036896 -5.         -5.18518448]
[-5.18518448 -5.         -5.        ]
[-5.92592621 -5.         -6.48147964]
[-5.74074173 -5.         -5.37036896]
[-6.29629517 -5.         -5.        ]
[-6.29629517 -5.74074173 -5.18518448]
[-5. -5. -5.]
[-5.18518448 -5.37036896 -5.        ]
[-7.0370369  -6.11111069 -5.92592621]
[-5.92592621 -5.         -5.        ]
[-6.66666794 -5.         -5.37036896]
[-6.48147964 -5.         -6.29629517]
[-5.55555725 -5.         -5.        ]
[-5.37036896 -5.         -5.        ]
[-5.         -5.         -6.66666794]
[-5. -5. -5.]
[-5.         -5.         -5.37036896]
[-6.85185242 -5.74074173 -6.29629517]
[-5. -5. -5.]
[-5. -5. -5.]
[-6.85185242 -6.48147964 -5.74074173]
[-6.11111069 -5.         -6.11111069]
[-5.74074173 -5.         -6.29629517]
[-6.66666794 -5.55555725 -7.0370369 ]
[-6.29629517 -5.18518448 -5.74074173]
[-5. -5. -5.]
[-6.48147964 -5.55555725 -6.29629517]
[-5.         -5.         -6.66666794]
[-5.         -5.74074173 -7.0370369 ]
[-5.         -5.55555725 -5.74074173]
[-5.         -5.92592621 -5.55555725]
[-5.55555725 -5.55555725 -5.        ]
[-5. -5. -5.]
[-6.66666794 -6.29629517 -5.55555725]
[-5.74074173 -5.         -6.48147964]
[-5.55555725 -5.         -6.66666794]
[-6.48147964 -5.92592621 -6.66666794]
[-5.18518448 -5.         -5.        ]
[-5.18518448 -5.         -5.        ]
[-5.92592621 -5.         -6.48147964]
[-6.11111069 -5.         -5.92592621]
[-7.0370369  -6.11111069 -6.85185242]
[-6.29629517 -5.74074173 -5.18518448]
[-5. -5. -5.]
[-6.48147964 -6.48147964 -5.18518448]
[-7.0370369  -6.11111069 -5.92592621]
[-5.55555725 -5.         -5.37036896]
[-6.66666794 -5.         -5.37036896]
[-6.48147964 -5.         -6.29629517]
[-5. -5. -5.]
[-5. -5. -5.]
[-5.         -5.         -6.66666794]
[-5. -5. -5.]
[-5.         -5.         -5.37036896]
[-5. -5. -5.]
[-5. -5. -5.]
[-5. -5. -5.]
[-6.66666794 -6.29629517 -5.55555725]
[-6.66666794 -5.         -5.        ]
[-5.55555725 -5.         -5.37036896]
[-6.66666794 -5.55555725 -7.0370369 ]
[-5.55555725 -5.         -5.        ]
[-5. -5. -5.]
[-5.74074173 -5.         -5.        ]
[-5. -5. -5.]
[-5.         -5.         -5.37036896]
[-5. -5. -5.]
[-6.29629517 -5.74074173 -5.18518448]
[-5. -5. -5.]
[-5.18518448 -5.37036896 -5.        ]
[-5.74074173 -5.         -5.74074173]
[-5.55555725 -5.         -5.37036896]
[-5.18518448 -5.         -5.        ]
[-6.48147964 -5.         -6.29629517]
[-5. -5. -5.]
[-5. -5. -5.]
[-5.         -5.         -5.92592621]
[-5. -5. -5.]
[-5.         -5.         -5.37036896]
[-5. -5. -5.]
[-5. -5. -5.]
[-5. -5. -5.]
[-6.66666794 -6.29629517 -5.55555725]
[-7.0370369 -5.        -5.       ]
[-5.55555725 -5.         -5.37036896]
[-5.18518448 -5.         -5.        ]
[-6.11111069 -5.         -5.37036896]
[-5. -5. -5.]
[-5.74074173 -5.         -5.        ]
[-5. -5. -5.]
[-5.         -5.         -5.18518448]
[-5. -5. -5.]
[-5.         -5.55555725 -5.74074173]
[-5. -5. -5.]
[-5.         -5.37036896 -5.        ]
[-6.66666794 -6.29629517 -5.55555725]
[-6.85185242 -5.         -5.        ]
[-6.29629517 -5.         -5.74074173]
[-6.29629517 -5.18518448 -6.85185242]
[-5.55555725 -5.         -5.        ]
[-5.37036896 -5.         -5.        ]
[-6.48147964 -5.18518448 -7.22222137]
[-5. -5. -5.]
[-6.29629517 -5.         -5.37036896]
[-6.29629517 -5.74074173 -5.18518448]
[-5. -5. -5.]
[-5. -5. -5.]
[-5.55555725 -5.         -5.55555725]
[-6.11111069 -5.         -6.11111069]
[-6.85185242 -6.48147964 -6.66666794]
[-6.48147964 -5.         -6.29629517]
[-5.74074173 -5.37036896 -5.55555725]
[-6.48147964 -5.74074173 -6.11111069]
[-5.         -5.         -6.66666794]
[-5.         -5.74074173 -7.0370369 ]
[-5.         -5.74074173 -7.0370369 ]
[-5.         -5.55555725 -5.74074173]
[-5.74074173 -5.74074173 -5.        ]
[-5. -5. -5.]
[-6.48147964 -6.48147964 -5.18518448]
[-5.74074173 -5.         -5.74074173]
[-5.74074173 -5.         -6.48147964]
[-5.37036896 -5.         -6.11111069]
[-6.29629517 -5.92592621 -7.0370369 ]
[-6.11111069 -5.         -5.92592621]
[-5.37036896 -5.         -5.18518448]
[-5.92592621 -5.74074173 -6.48147964]
[-7.0370369  -6.11111069 -6.85185242]
[-7.0370369  -6.11111069 -6.85185242]
[-5. -5. -5.]
[-5.74074173 -6.48147964 -5.        ]
[-6.11111069 -6.29629517 -5.        ]
[-6.48147964 -5.         -5.        ]
[-6.29629517 -5.         -5.37036896]
[-6.29629517 -5.18518448 -6.85185242]
[-5. -5. -5.]
[-5. -5. -5.]
[-5.74074173 -5.         -5.37036896]
[-5. -5. -5.]
[-5.         -5.         -5.37036896]
[-6.66666794 -5.         -5.        ]
[-5. -5. -5.]
[-5. -5. -5.]
[-6.48147964 -6.48147964 -5.18518448]
[-7.40740585 -6.11111069 -6.11111069]
[-7.0370369  -5.         -5.74074173]
[-6.29629517 -5.18518448 -6.85185242]
[-6.66666794 -5.         -5.92592621]
[-5.37036896 -5.         -5.        ]
[-5.92592621 -5.37036896 -6.66666794]
[-5.         -5.         -6.66666794]
[-5.         -5.55555725 -6.85185242]
[-5.         -5.55555725 -5.74074173]
[-6.29629517 -5.74074173 -5.18518448]
[-5. -5. -5.]
[-6.48147964 -6.48147964 -5.18518448]
[-5.74074173 -5.         -5.74074173]
[-5.74074173 -5.         -6.48147964]
[-5.55555725 -5.         -6.48147964]
[-7.0370369  -5.37036896 -6.29629517]
[-5. -5. -5.]
[-5. -5. -5.]
[-5.         -5.         -5.92592621]
[-5.         -5.         -5.18518448]
[-5. -5. -5.]
[-5.         -5.55555725 -5.74074173]
[-5.         -5.92592621 -5.55555725]
[-5. -5. -5.]
[-6.29629517 -6.48147964 -5.        ]
[-6.66666794 -6.29629517 -5.55555725]
[-5.37036896 -5.         -5.        ]
[-5.55555725 -5.         -6.66666794]
[-5.74074173 -5.         -5.74074173]
[-5.18518448 -5.         -5.        ]
[-6.11111069 -5.         -5.37036896]
[-5.37036896 -5.         -5.18518448]
[-5.74074173 -5.         -5.37036896]
[-6.29629517 -5.         -5.        ]
[-5. -5. -5.]
[-5. -5. -5.]
[-5.74074173 -6.48147964 -5.        ]
[-7.0370369  -6.11111069 -5.74074173]
[-6.29629517 -5.         -5.37036896]
[-6.29629517 -5.         -5.37036896]
[-6.29629517 -5.         -6.48147964]
[-5. -5. -5.]
[-5. -5. -5.]
[-5.         -5.         -6.66666794]
[-5. -5. -5.]
[-5. -5. -5.]
[-6.29629517 -5.74074173 -5.18518448]
[-5. -5. -5.]
[-5. -5. -5.]
[-5.55555725 -5.         -5.55555725]
[-6.11111069 -5.         -6.11111069]
[-5.74074173 -5.         -6.29629517]
[-6.48147964 -5.         -6.29629517]
[-6.11111069 -5.         -5.55555725]
[-5.74074173 -5.18518448 -5.18518448]
[-5.         -5.         -6.66666794]
[-5.         -5.         -6.66666794]
[-5.         -5.74074173 -7.0370369 ]
[-5.         -5.55555725 -5.74074173]
[-6.29629517 -5.92592621 -5.92592621]
[-5. -5. -5.]
[-6.48147964 -6.48147964 -5.18518448]
[-7.0370369  -6.11111069 -5.92592621]
[-5.74074173 -5.         -6.48147964]
[-5.55555725 -5.         -6.66666794]
[-5.37036896 -5.         -6.11111069]
[-5.18518448 -5.         -5.        ]
[-6.11111069 -5.         -5.92592621]
[-5.92592621 -5.         -6.48147964]
[-5.37036896 -5.         -5.37036896]
[-7.0370369  -6.11111069 -6.85185242]
[-5.74074173 -5.74074173 -5.        ]
[-5. -5. -5.]
[-6.11111069 -6.29629517 -5.        ]
[-6.48147964 -5.         -5.        ]
[-7.0370369  -5.         -5.74074173]
[-5.92592621 -5.         -5.        ]
[-6.11111069 -5.         -5.92592621]
[-5. -5. -5.]
[-5.74074173 -5.         -5.37036896]
[-5. -5. -5.]
[-5.         -5.         -5.37036896]
[-6.66666794 -5.         -5.        ]
[-6.29629517 -5.74074173 -5.18518448]
[-5. -5. -5.]
[-5.18518448 -5.37036896 -5.        ]
[-5.74074173 -5.         -5.74074173]
[-5.55555725 -5.         -5.37036896]
[-5.18518448 -5.         -5.        ]
[-6.48147964 -5.         -6.29629517]
[-5. -5. -5.]
[-5.37036896 -5.         -5.18518448]
[-5.         -5.         -6.66666794]
[-5. -5. -5.]
[-5.         -5.         -5.37036896]
[-5.         -5.55555725 -5.74074173]
[-5. -5. -5.]
[-5. -5. -5.]
[-6.66666794 -6.29629517 -5.55555725]
[-5.18518448 -5.         -5.        ]
[-5.55555725 -5.         -5.37036896]
[-5.55555725 -5.         -6.48147964]
[-5.55555725 -5.         -5.        ]
[-5. -5. -5.]
[-5.74074173 -5.         -5.        ]
[-5. -5. -5.]
[-5.         -5.         -5.18518448]
[-5. -5. -5.]
[-5.         -5.55555725 -5.74074173]
[-5. -5. -5.]
[-5.         -5.37036896 -5.        ]
[-6.66666794 -6.29629517 -5.55555725]
[-6.29629517 -5.         -5.37036896]
[-5.92592621 -5.         -5.        ]
[-6.29629517 -5.18518448 -6.85185242]
[-5.18518448 -5.         -5.        ]
[-5. -5. -5.]
[-5.92592621 -5.         -6.48147964]
[-5.74074173 -5.         -5.74074173]
[-6.29629517 -5.         -5.        ]
[-6.29629517 -5.74074173 -5.18518448]
[-5. -5. -5.]
[-6.48147964 -6.48147964 -5.18518448]
[-5.74074173 -5.         -5.74074173]
[-5.55555725 -5.         -5.        ]
[-5. -5. -5.]
[-6.48147964 -5.         -6.29629517]
[-5. -5. -5.]
[-5. -5. -5.]
[-5.         -5.         -6.66666794]
[-5. -5. -5.]
[-5.         -5.         -5.37036896]
[-5.         -5.55555725 -5.74074173]
[-5. -5. -5.]
[-5. -5. -5.]
[-5.18518448 -5.         -5.        ]
[-7.0370369  -6.11111069 -5.92592621]
[-5.55555725 -5.         -5.37036896]
[-5.55555725 -5.         -6.48147964]
[-5.         -5.         -5.18518448]
[-5.18518448 -5.         -5.        ]
[-6.11111069 -5.         -5.37036896]
[-5.37036896 -5.         -5.18518448]
[-5.         -5.         -5.18518448]
[-5. -5. -5.]
[-5.37036896 -5.         -5.        ]
[-5. -5. -5.]
[-5.         -5.37036896 -5.        ]
[-7.0370369  -6.11111069 -5.74074173]
[-6.29629517 -5.         -5.37036896]
[-6.29629517 -5.         -5.37036896]
[-6.29629517 -5.         -6.48147964]
[-5.18518448 -5.         -5.        ]
[-5. -5. -5.]
[-6.48147964 -5.18518448 -7.22222137]
[-6.11111069 -5.         -6.11111069]
[-6.29629517 -5.         -5.        ]
[-6.66666794 -6.11111069 -5.55555725]
[-5. -5. -5.]
[-5.55555725 -5.         -5.55555725]
[-6.11111069 -5.         -6.11111069]
[-5.74074173 -5.         -6.29629517]
[-7.0370369  -5.37036896 -6.29629517]
[-5.55555725 -5.18518448 -5.        ]
[-5.74074173 -5.18518448 -5.18518448]
[-5.         -5.18518448 -5.92592621]
[-5.         -5.         -6.66666794]
[-5.         -5.74074173 -7.0370369 ]
[-5.         -5.74074173 -7.0370369 ]
[-5.         -5.55555725 -5.74074173]
[-5.55555725 -5.55555725 -5.        ]
[-5. -5. -5.]
[-6.66666794 -6.29629517 -5.55555725]
[-5.55555725 -5.         -5.92592621]
[-5.55555725 -5.         -6.66666794]
[-5.37036896 -5.         -6.11111069]
[-6.48147964 -5.74074173 -6.29629517]
[-5.37036896 -5.         -5.        ]
[-5.37036896 -5.         -5.18518448]
[-5.92592621 -5.74074173 -6.48147964]
[-7.0370369  -6.11111069 -6.85185242]
[-6.85185242 -5.74074173 -6.29629517]
[-5. -5. -5.]
[-5.74074173 -6.48147964 -5.        ]
[-6.11111069 -6.29629517 -5.        ]
[-6.48147964 -5.         -5.        ]
[-6.29629517 -5.         -5.37036896]
[-6.29629517 -5.18518448 -6.85185242]
[-5.37036896 -5.         -5.        ]
[-5.18518448 -5.         -5.        ]
[-5.92592621 -5.         -6.48147964]
[-5.18518448 -5.         -5.18518448]
[-5.55555725 -5.         -5.37036896]
[-6.29629517 -5.74074173 -5.18518448]
[-5. -5. -5.]
[-5. -5. -5.]
[-6.11111069 -5.         -6.11111069]
[-6.11111069 -5.         -5.74074173]
[-6.29629517 -5.18518448 -6.85185242]
[-6.66666794 -5.         -5.92592621]
[-5.74074173 -5.18518448 -5.18518448]
[-5.         -5.18518448 -5.37036896]
[-5.         -5.         -6.66666794]
[-5.         -5.         -6.85185242]
[-5.         -5.74074173 -7.0370369 ]
[-5.         -5.55555725 -5.74074173]
[-5.74074173 -5.74074173 -5.        ]
[-5. -5. -5.]
[-6.48147964 -6.48147964 -5.18518448]
[-5.74074173 -5.         -5.74074173]
[-5.         -5.         -6.29629517]
[-5.55555725 -5.         -6.48147964]
[-6.48147964 -5.74074173 -6.29629517]
[-5.18518448 -5.         -5.        ]
[-6.29629517 -5.         -6.11111069]
[-6.48147964 -6.29629517 -7.40740585]
[-5.         -5.74074173 -6.29629517]
[-5.         -5.74074173 -6.29629517]
[-6.29629517 -5.92592621 -5.92592621]
[-5. -5. -5.]
[-6.29629517 -6.48147964 -5.        ]
[-6.66666794 -6.29629517 -5.55555725]
[-6.29629517 -5.         -5.37036896]
[-6.11111069 -5.74074173 -6.29629517]
[-5.55555725 -5.         -5.18518448]
[-5.18518448 -5.         -5.        ]
[-6.48147964 -5.         -6.85185242]
[-5.92592621 -5.         -6.48147964]
[-5.55555725 -5.         -5.37036896]
[-6.29629517 -5.74074173 -5.18518448]
[-5. -5. -5.]
[-5. -5. -5.]
[-6.85185242 -6.29629517 -5.        ]
[-7.40740585 -6.11111069 -6.11111069]
[-6.48147964 -6.11111069 -6.66666794]
[-6.66666794 -5.         -5.92592621]
[-6.11111069 -5.         -5.55555725]
[-5.74074173 -5.         -5.37036896]
[-5.         -5.         -6.48147964]
[-5.         -5.         -6.66666794]
[-5.         -5.55555725 -6.85185242]
[-5.         -5.55555725 -5.74074173]
[-5.74074173 -5.74074173 -5.        ]
[-5. -5. -5.]
[-6.48147964 -6.48147964 -5.18518448]
[-5.74074173 -5.         -5.74074173]
[-5.         -5.         -6.29629517]
[-5.55555725 -5.         -6.48147964]
[-6.85185242 -5.74074173 -6.11111069]
[-5.74074173 -5.37036896 -5.55555725]
[-5.74074173 -5.         -5.55555725]
[-5.         -5.         -6.66666794]
[-5.         -5.74074173 -6.85185242]
[-5.         -5.74074173 -6.29629517]
[-5.         -5.92592621 -5.55555725]
[-6.11111069 -5.55555725 -6.11111069]
[-5.         -6.29629517 -5.        ]
[-6.29629517 -6.48147964 -5.        ]
[-6.29629517 -6.48147964 -5.74074173]
[-6.11111069 -5.74074173 -6.29629517]
[-5.92592621 -5.92592621 -5.37036896]
[-5.92592621 -5.55555725 -6.48147964]
[-5.18518448 -5.37036896 -5.37036896]
[-6.48147964 -5.         -6.85185242]
[-6.48147964 -5.         -6.85185242]
[-5. -5. -5.]
[-5.55555725 -6.11111069 -5.        ]
[-5. -5. -5.]
[-5.74074173 -6.11111069 -5.55555725]
[-7.0370369  -6.11111069 -5.74074173]
[-7.0370369  -6.11111069 -5.74074173]
[-6.29629517 -5.         -5.37036896]
[-5.92592621 -5.         -5.        ]
[-6.29629517 -5.         -6.48147964]
[-5.55555725 -5.         -5.        ]
[-5.37036896 -5.         -5.74074173]
[-6.11111069 -5.37036896 -7.22222137]
[-5.55555725 -5.37036896 -5.92592621]
[-6.29629517 -5.74074173 -5.18518448]
[-5. -5. -5.]
[-6.48147964 -6.11111069 -6.48147964]
[-5.55555725 -5.         -5.55555725]
[-5.18518448 -5.         -5.92592621]
[-5.74074173 -5.         -6.29629517]
[-7.0370369  -5.37036896 -6.29629517]
[-6.11111069 -5.         -5.55555725]
[-5.74074173 -5.18518448 -5.18518448]
[-5.         -5.18518448 -5.92592621]
[-5.         -5.74074173 -6.85185242]
[-5.         -5.74074173 -7.0370369 ]
[-13.25892639 -17.5        -17.7232132 ]
[-13.0357132 -16.8303566 -16.8303566]
[-15.7142868  -17.2767868  -15.26786041]
[-11.25       -16.38393021 -16.1607132 ]
[-11.25       -16.38393021 -16.1607132 ]
[-11.25       -16.38393021 -16.1607132 ]
[-11.69642639 -16.38393021 -14.82142639]
[-14.1517868  -15.04463959 -19.7321434 ]
[-14.1517868  -15.04463959 -19.7321434 ]
[-15.7142868 -20.4017868 -17.5      ]
[-17.5       -21.5178566 -22.1875   ]
[-17.5       -21.5178566 -22.1875   ]
[-14.82142639 -17.2767868  -22.63393021]
[-14.82142639 -17.2767868  -22.63393021]
[-14.82142639 -17.2767868  -22.63393021]
[-14.82142639 -17.2767868  -22.63393021]
[-12.5892868  -16.8303566  -16.38393021]
[-12.5892868  -16.8303566  -16.38393021]
[-13.0357132 -14.5982132 -16.6071434]
[-13.48213959 -16.1607132  -19.0625    ]
[-13.48213959 -16.1607132  -19.0625    ]
[-12.36607361 -17.2767868  -18.61606979]
[-11.25       -16.38393021 -16.1607132 ]
[-11.25       -16.38393021 -16.1607132 ]
[-12.36607361 -17.05356979 -17.7232132 ]
[-14.5982132  -16.8303566  -22.63393021]
[-14.5982132  -16.8303566  -22.63393021]
[-17.2767868 -21.2946434 -21.5178566]
[-17.2767868 -21.2946434 -21.5178566]
[-17.5       -21.5178566 -22.1875   ]
[-15.49107361 -21.9642868  -19.2857132 ]
[-15.49107361 -21.9642868  -19.2857132 ]
[-14.82142639 -16.1607132  -20.625     ]
[-12.5892868  -16.8303566  -16.38393021]
[-12.36607361 -17.2767868  -18.61606979]
[-12.36607361 -17.2767868  -18.61606979]
[-12.36607361 -17.2767868  -18.61606979]
[-11.25       -16.38393021 -16.1607132 ]
[-11.25       -16.38393021 -16.1607132 ]
[-11.69642639 -16.38393021 -14.82142639]
[-14.1517868  -15.04463959 -19.7321434 ]
[-14.1517868  -15.04463959 -19.7321434 ]
[-15.7142868 -20.4017868 -17.5      ]
[-17.2767868 -21.2946434 -21.5178566]
[-17.5       -21.5178566 -22.1875   ]
[-17.5       -21.5178566 -22.1875   ]
[-14.82142639 -17.2767868  -22.63393021]
[-14.82142639 -17.2767868  -22.63393021]
[-14.82142639 -17.2767868  -22.63393021]
[-14.82142639 -16.1607132  -20.625     ]
[-12.5892868  -16.8303566  -16.38393021]
[-12.5892868  -16.8303566  -16.38393021]
[-13.48213959 -16.1607132  -19.0625    ]
[-13.48213959 -16.1607132  -19.0625    ]
[-13.48213959 -16.1607132  -19.0625    ]
[-12.36607361 -17.2767868  -18.61606979]
[-11.25       -16.38393021 -16.1607132 ]
[-11.25       -16.38393021 -16.1607132 ]
[-12.36607361 -17.05356979 -17.7232132 ]
[-14.5982132  -16.8303566  -22.63393021]
[-14.5982132  -16.8303566  -22.63393021]
[-17.2767868 -21.2946434 -21.5178566]
[-17.2767868 -21.2946434 -21.5178566]
[-15.49107361 -21.9642868  -19.2857132 ]
[-15.49107361 -21.9642868  -19.2857132 ]
[-14.82142639 -16.1607132  -20.625     ]
[-14.82142639 -16.1607132  -20.625     ]
[-12.36607361 -17.2767868  -18.61606979]
[-12.36607361 -17.2767868  -18.61606979]
[-12.36607361 -17.2767868  -18.61606979]
[-11.25       -16.38393021 -16.1607132 ]
[-11.25       -16.38393021 -16.1607132 ]
[-11.25       -16.38393021 -16.1607132 ]
[-11.69642639 -16.38393021 -14.82142639]
[-14.1517868  -15.04463959 -19.7321434 ]
[-14.1517868  -15.04463959 -19.7321434 ]
[-15.7142868 -20.4017868 -17.5      ]
[-17.5       -21.5178566 -22.1875   ]
[-17.5       -21.5178566 -22.1875   ]
[-17.5       -21.5178566 -22.1875   ]
[-14.82142639 -17.2767868  -22.63393021]
[-14.82142639 -17.2767868  -22.63393021]
[-14.82142639 -17.2767868  -22.63393021]
[-12.5892868  -16.8303566  -16.38393021]
[-12.5892868  -16.8303566  -16.38393021]
[-12.5892868  -16.8303566  -16.38393021]
[-13.48213959 -16.1607132  -19.0625    ]
[-13.48213959 -16.1607132  -19.0625    ]
[-12.36607361 -17.2767868  -18.61606979]
[-11.25       -16.38393021 -16.1607132 ]
[-11.25       -16.38393021 -16.1607132 ]
[-12.36607361 -17.05356979 -17.7232132 ]
[-12.36607361 -17.05356979 -17.7232132 ]
[-14.5982132  -16.8303566  -22.63393021]
[-17.2767868 -21.2946434 -21.5178566]
[-17.2767868 -21.2946434 -21.5178566]
[-17.2767868 -21.2946434 -21.5178566]
[-15.49107361 -21.9642868  -19.2857132 ]
[-15.49107361 -21.9642868  -19.2857132 ]
[-14.82142639 -16.1607132  -20.625     ]
[-12.5892868  -16.8303566  -16.38393021]
[-12.36607361 -17.2767868  -18.61606979]
[-12.36607361 -17.2767868  -18.61606979]
[-12.36607361 -17.2767868  -18.61606979]
[-11.25       -16.38393021 -16.1607132 ]
[-11.25       -16.38393021 -16.1607132 ]
[-11.25       -16.38393021 -16.1607132 ]
[-11.69642639 -16.38393021 -14.82142639]
[-14.1517868  -15.04463959 -19.7321434 ]
[-15.7142868 -20.4017868 -17.5      ]
[-15.7142868 -20.4017868 -17.5      ]
[-17.5       -21.5178566 -22.1875   ]
[-17.5       -21.5178566 -22.1875   ]
[-14.82142639 -17.2767868  -22.63393021]
[-14.82142639 -17.2767868  -22.63393021]
[-14.82142639 -17.2767868  -22.63393021]
[-13.70536041 -16.6071434  -17.94643021]
[-12.5892868  -16.8303566  -16.38393021]
[-12.5892868  -16.8303566  -16.38393021]
[-13.48213959 -16.1607132  -19.0625    ]
[-13.48213959 -16.1607132  -19.0625    ]
[-13.48213959 -16.1607132  -19.0625    ]
[-12.36607361 -17.2767868  -18.61606979]
[-11.25       -16.38393021 -16.1607132 ]
[-11.25       -16.38393021 -16.1607132 ]
[-12.36607361 -17.05356979 -17.7232132 ]
[-14.5982132  -16.8303566  -22.63393021]
[-14.5982132  -16.8303566  -22.63393021]
[-17.2767868 -21.2946434 -21.5178566]
[-17.2767868 -21.2946434 -21.5178566]
[-17.5       -21.5178566 -22.1875   ]
[-15.49107361 -21.9642868  -19.2857132 ]
[-15.49107361 -21.9642868  -19.2857132 ]
[-14.82142639 -16.1607132  -20.625     ]
[-12.5892868  -16.8303566  -16.38393021]
[-12.36607361 -17.2767868  -18.61606979]
[-12.36607361 -17.2767868  -18.61606979]
[-12.36607361 -17.2767868  -18.61606979]
[-11.25       -16.38393021 -16.1607132 ]
[-11.25       -16.38393021 -16.1607132 ]
[-11.25       -16.38393021 -16.1607132 ]
[-14.1517868  -15.04463959 -19.7321434 ]
[-14.1517868  -15.04463959 -19.7321434 ]
[-15.7142868 -20.4017868 -17.5      ]
[-17.2767868 -21.2946434 -21.5178566]
[-17.5       -21.5178566 -22.1875   ]
[-17.5       -21.5178566 -22.1875   ]
[-14.82142639 -17.2767868  -22.63393021]
[-14.82142639 -17.2767868  -22.63393021]
[-14.82142639 -17.2767868  -22.63393021]
[-12.5892868  -16.8303566  -16.38393021]
[-12.5892868  -16.8303566  -16.38393021]
[-12.36607361 -17.2767868  -18.61606979]
[-13.48213959 -16.1607132  -19.0625    ]
[-13.48213959 -16.1607132  -19.0625    ]
[-13.48213959 -16.1607132  -19.0625    ]
[-11.25       -16.38393021 -16.1607132 ]
[-11.25       -16.38393021 -16.1607132 ]
[-11.69642639 -16.38393021 -14.82142639]
[-12.36607361 -17.05356979 -17.7232132 ]
[-14.5982132  -16.8303566  -22.63393021]
[-14.5982132  -16.8303566  -22.63393021]
[-17.2767868 -21.2946434 -21.5178566]
[-17.2767868 -21.2946434 -21.5178566]
[-17.5       -21.5178566 -22.1875   ]
[-15.49107361 -21.9642868  -19.2857132 ]
[-14.82142639 -16.1607132  -20.625     ]
[-14.82142639 -16.1607132  -20.625     ]
[-12.5892868  -16.8303566  -16.38393021]
[-12.36607361 -17.2767868  -18.61606979]
[-12.36607361 -17.2767868  -18.61606979]
[-11.25       -16.38393021 -16.1607132 ]
[-11.25       -16.38393021 -16.1607132 ]
[-11.25       -16.38393021 -16.1607132 ]
[-11.69642639 -16.38393021 -14.82142639]
[-14.1517868  -15.04463959 -19.7321434 ]
[-14.1517868  -15.04463959 -19.7321434 ]
[-15.7142868 -20.4017868 -17.5      ]
[-17.2767868 -21.2946434 -21.5178566]
[-17.5       -21.5178566 -22.1875   ]
[-17.5       -21.5178566 -22.1875   ]
[-14.82142639 -17.2767868  -22.63393021]
[-14.82142639 -17.2767868  -22.63393021]
[-13.70536041 -16.6071434  -17.94643021]
[-12.5892868  -16.8303566  -16.38393021]
[-12.5892868  -16.8303566  -16.38393021]
[-12.36607361 -17.2767868  -18.61606979]
[-13.48213959 -16.1607132  -19.0625    ]
[-13.48213959 -16.1607132  -19.0625    ]
[-13.48213959 -16.1607132  -19.0625    ]
[-11.25       -16.38393021 -16.1607132 ]
[-11.25       -16.38393021 -16.1607132 ]
[-12.36607361 -17.05356979 -17.7232132 ]
[-14.5982132  -16.8303566  -22.63393021]
[-14.5982132  -16.8303566  -22.63393021]
[-14.5982132  -16.8303566  -22.63393021]
[-17.2767868 -21.2946434 -21.5178566]
[-17.2767868 -21.2946434 -21.5178566]
[-15.49107361 -21.9642868  -19.2857132 ]
[-15.49107361 -21.9642868  -19.2857132 ]
[-14.82142639 -16.1607132  -20.625     ]
[-12.5892868  -16.8303566  -16.38393021]
[-12.36607361 -17.2767868  -18.61606979]
[-12.36607361 -17.2767868  -18.61606979]
[-12.36607361 -17.2767868  -18.61606979]
[-11.25       -16.38393021 -16.1607132 ]
[-11.25       -16.38393021 -16.1607132 ]
[-11.25       -16.38393021 -16.1607132 ]
[-11.69642639 -16.38393021 -14.82142639]
[-14.1517868  -15.04463959 -19.7321434 ]
[-15.7142868 -20.4017868 -17.5      ]
[-15.7142868 -20.4017868 -17.5      ]
[-17.5       -21.5178566 -22.1875   ]
[-17.5       -21.5178566 -22.1875   ]
[-17.5       -21.5178566 -22.1875   ]
[-14.82142639 -17.2767868  -22.63393021]
[-14.82142639 -17.2767868  -22.63393021]
[-13.70536041 -16.6071434  -17.94643021]
[-12.5892868  -16.8303566  -16.38393021]
[-12.36607361 -17.2767868  -18.61606979]
[-12.36607361 -17.2767868  -18.61606979]
[-13.48213959 -16.1607132  -19.0625    ]
[-13.48213959 -16.1607132  -19.0625    ]
[-11.25       -16.38393021 -16.1607132 ]
[-11.25       -16.38393021 -16.1607132 ]
[-11.69642639 -16.38393021 -14.82142639]
[-12.36607361 -17.05356979 -17.7232132 ]
[-14.5982132  -16.8303566  -22.63393021]
[-14.5982132  -16.8303566  -22.63393021]
[-17.2767868 -21.2946434 -21.5178566]
[-17.2767868 -21.2946434 -21.5178566]
[-17.5       -21.5178566 -22.1875   ]
[-15.49107361 -21.9642868  -19.2857132 ]
[-15.49107361 -21.9642868  -19.2857132 ]
[-14.82142639 -16.1607132  -20.625     ]
[-12.5892868  -16.8303566  -16.38393021]
[-12.36607361 -17.2767868  -18.61606979]
[-12.36607361 -17.2767868  -18.61606979]
[-12.36607361 -17.2767868  -18.61606979]
[-11.25       -16.38393021 -16.1607132 ]
[-11.25       -16.38393021 -16.1607132 ]
[-11.25       -16.38393021 -16.1607132 ]
[-14.1517868  -15.04463959 -19.7321434 ]
[-14.1517868  -15.04463959 -19.7321434 ]
[-15.7142868 -20.4017868 -17.5      ]
[-15.7142868 -20.4017868 -17.5      ]
[-17.5       -21.5178566 -22.1875   ]
[-17.5       -21.5178566 -22.1875   ]
[-14.82142639 -17.2767868  -22.63393021]
[-14.82142639 -17.2767868  -22.63393021]
[-13.70536041 -16.6071434  -17.94643021]
[-13.70536041 -16.6071434  -17.94643021]
[-12.36607361 -17.2767868  -18.61606979]
[-12.36607361 -17.2767868  -18.61606979]
[-13.48213959 -16.1607132  -19.0625    ]
[-13.48213959 -16.1607132  -19.0625    ]
[-12.5892868  -15.26786041 -17.05356979]
[-11.25       -16.38393021 -16.1607132 ]
[-11.69642639 -16.38393021 -14.82142639]
[-11.69642639 -16.38393021 -14.82142639]
[-12.36607361 -17.05356979 -17.7232132 ]
[-14.5982132  -16.8303566  -22.63393021]
[-14.5982132  -16.8303566  -22.63393021]
[-17.2767868 -21.2946434 -21.5178566]
[-17.2767868 -21.2946434 -21.5178566]
[-17.5       -21.5178566 -22.1875   ]
[-15.49107361 -21.9642868  -19.2857132 ]
[-14.82142639 -16.1607132  -20.625     ]
[-14.82142639 -16.1607132  -20.625     ]
[-12.5892868  -16.8303566  -16.38393021]
[-12.36607361 -17.2767868  -18.61606979]
[-12.36607361 -17.2767868  -18.61606979]
[-12.36607361 -17.2767868  -18.61606979]
[-11.25       -16.38393021 -16.1607132 ]
[-11.25       -16.38393021 -16.1607132 ]
[-11.69642639 -16.38393021 -14.82142639]
[-14.1517868  -15.04463959 -19.7321434 ]
[-14.1517868  -15.04463959 -19.7321434 ]
[-15.7142868 -20.4017868 -17.5      ]
[-17.2767868 -21.2946434 -21.5178566]
[-17.5       -21.5178566 -22.1875   ]
[-17.5       -21.5178566 -22.1875   ]
[-14.82142639 -17.2767868  -22.63393021]
[-14.82142639 -17.2767868  -22.63393021]
[-13.70536041 -16.6071434  -17.94643021]
[-12.5892868  -16.8303566  -16.38393021]
[-12.36607361 -17.2767868  -18.61606979]
[-12.36607361 -17.2767868  -18.61606979]
[-13.48213959 -16.1607132  -19.0625    ]
[-12.5892868  -15.26786041 -17.05356979]
[-12.5892868  -15.26786041 -17.05356979]
[-11.25       -16.38393021 -16.1607132 ]
[-11.69642639 -16.38393021 -14.82142639]
[-12.36607361 -17.05356979 -17.7232132 ]
[-14.5982132  -16.8303566  -22.63393021]
[-14.5982132  -16.8303566  -22.63393021]
[-14.5982132  -16.8303566  -22.63393021]
[-17.2767868 -21.2946434 -21.5178566]
[-17.2767868 -21.2946434 -21.5178566]
[-15.49107361 -21.9642868  -19.2857132 ]
[-15.49107361 -21.9642868  -19.2857132 ]
[-14.82142639 -16.1607132  -20.625     ]
[-12.5892868  -16.8303566  -16.38393021]
[-12.36607361 -17.2767868  -18.61606979]
[-12.36607361 -17.2767868  -18.61606979]
[-12.36607361 -17.2767868  -18.61606979]
[-11.25       -16.38393021 -16.1607132 ]
[-11.25       -16.38393021 -16.1607132 ]
[-11.25       -16.38393021 -16.1607132 ]
[-11.69642639 -16.38393021 -14.82142639]
[-14.1517868  -15.04463959 -19.7321434 ]
[-15.7142868 -20.4017868 -17.5      ]
[-15.7142868 -20.4017868 -17.5      ]
[-17.5       -21.5178566 -22.1875   ]
[-17.5       -21.5178566 -22.1875   ]
[-17.5       -21.5178566 -22.1875   ]
[-14.82142639 -17.2767868  -22.63393021]
[-14.82142639 -17.2767868  -22.63393021]
[-13.70536041 -16.6071434  -17.94643021]
[-12.36607361 -17.2767868  -18.61606979]
[-12.36607361 -17.2767868  -18.61606979]
[-12.36607361 -17.2767868  -18.61606979]
[-12.5892868  -15.26786041 -17.05356979]
[-12.5892868  -15.26786041 -17.05356979]
[-12.5892868  -15.26786041 -17.05356979]
[-11.69642639 -16.38393021 -14.82142639]
[-11.69642639 -16.38393021 -14.82142639]
[-12.36607361 -17.05356979 -17.7232132 ]
[-14.5982132  -16.8303566  -22.63393021]
[-14.5982132  -16.8303566  -22.63393021]
[-17.2767868 -21.2946434 -21.5178566]
[-17.2767868 -21.2946434 -21.5178566]
[-17.5       -21.5178566 -22.1875   ]
[-15.49107361 -21.9642868  -19.2857132 ]
[-14.82142639 -16.1607132  -20.625     ]
[-14.82142639 -16.1607132  -20.625     ]
[-12.5892868  -16.8303566  -16.38393021]
[-12.36607361 -17.2767868  -18.61606979]
[-12.36607361 -17.2767868  -18.61606979]
[-12.36607361 -17.2767868  -18.61606979]
[-11.25       -16.38393021 -16.1607132 ]
[-11.25       -16.38393021 -16.1607132 ]
[-11.25       -16.38393021 -16.1607132 ]
[-11.69642639 -16.38393021 -14.82142639]
[-14.1517868  -15.04463959 -19.7321434 ]
[-15.7142868 -20.4017868 -17.5      ]
[-15.7142868 -20.4017868 -17.5      ]
[-17.5       -21.5178566 -22.1875   ]
[-17.5       -21.5178566 -22.1875   ]
[-17.5       -21.5178566 -22.1875   ]
[-14.82142639 -17.2767868  -22.63393021]
[-13.70536041 -16.6071434  -17.94643021]
[-13.70536041 -16.6071434  -17.94643021]
[-12.36607361 -17.2767868  -18.61606979]
[-12.36607361 -17.2767868  -18.61606979]
[-11.25       -16.38393021 -16.1607132 ]
[-12.5892868  -15.26786041 -17.05356979]
[-12.5892868  -15.26786041 -17.05356979]
[-11.69642639 -16.38393021 -14.82142639]
[-11.69642639 -16.38393021 -14.82142639]
[-11.69642639 -16.38393021 -14.82142639]
[-14.5982132  -16.8303566  -22.63393021]
[-14.5982132  -16.8303566  -22.63393021]
[-14.5982132  -16.8303566  -22.63393021]
[-17.2767868 -21.2946434 -21.5178566]
[-17.2767868 -21.2946434 -21.5178566]
[-17.5       -21.5178566 -22.1875   ]
[-15.49107361 -21.9642868  -19.2857132 ]
[-14.82142639 -16.1607132  -20.625     ]
[-14.82142639 -16.1607132  -20.625     ]
[-12.5892868  -16.8303566  -16.38393021]
[-12.36607361 -17.2767868  -18.61606979]
[-12.36607361 -17.2767868  -18.61606979]
[-12.36607361 -17.2767868  -18.61606979]
[-11.25       -16.38393021 -16.1607132 ]
[-11.25       -16.38393021 -16.1607132 ]
[-11.69642639 -16.38393021 -14.82142639]
[-14.1517868  -15.04463959 -19.7321434 ]
[-14.1517868  -15.04463959 -19.7321434 ]
[-15.7142868 -20.4017868 -17.5      ]
[-17.2767868 -21.2946434 -21.5178566]
[-17.5       -21.5178566 -22.1875   ]
[-17.5       -21.5178566 -22.1875   ]
[-14.82142639 -17.2767868  -22.63393021]
[-14.82142639 -17.2767868  -22.63393021]
[-13.70536041 -16.6071434  -17.94643021]
[-12.36607361 -17.2767868  -18.61606979]
[-12.36607361 -17.2767868  -18.61606979]
[-12.36607361 -17.2767868  -18.61606979]
[-12.5892868  -15.26786041 -17.05356979]
[-12.5892868  -15.26786041 -17.05356979]
[-12.5892868  -15.26786041 -17.05356979]
[-11.69642639 -16.38393021 -14.82142639]
[-11.69642639 -16.38393021 -14.82142639]
[-14.1517868  -15.04463959 -19.7321434 ]
[-14.5982132  -16.8303566  -22.63393021]
[-14.5982132  -16.8303566  -22.63393021]
[-14.5982132  -16.8303566  -22.63393021]
[-17.2767868 -21.2946434 -21.5178566]
[-17.2767868 -21.2946434 -21.5178566]
[-17.5       -21.5178566 -22.1875   ]
[-15.49107361 -21.9642868  -19.2857132 ]
[-14.82142639 -16.1607132  -20.625     ]
[-12.5892868  -16.8303566  -16.38393021]
[-12.36607361 -17.2767868  -18.61606979]
[-12.36607361 -17.2767868  -18.61606979]
[-12.36607361 -17.2767868  -18.61606979]
[-11.25       -16.38393021 -16.1607132 ]
[-11.25       -16.38393021 -16.1607132 ]
[-11.25       -16.38393021 -16.1607132 ]
[-11.69642639 -16.38393021 -14.82142639]
[-14.1517868  -15.04463959 -19.7321434 ]
[-15.7142868 -20.4017868 -17.5      ]
[-15.7142868 -20.4017868 -17.5      ]
[-17.5       -21.5178566 -22.1875   ]
[-17.5       -21.5178566 -22.1875   ]
[-17.5       -21.5178566 -22.1875   ]
[-14.82142639 -17.2767868  -22.63393021]
[-14.82142639 -17.2767868  -22.63393021]
[-13.70536041 -16.6071434  -17.94643021]
[-12.36607361 -17.2767868  -18.61606979]
[-12.36607361 -17.2767868  -18.61606979]
[-11.25       -16.38393021 -16.1607132 ]
[-12.5892868  -15.26786041 -17.05356979]
[-12.5892868  -15.26786041 -17.05356979]
[-12.5892868  -14.375      -15.26786041]
[-11.69642639 -16.38393021 -14.82142639]
[-11.69642639 -16.38393021 -14.82142639]
[-14.5982132  -16.8303566  -22.63393021]
[-14.5982132  -16.8303566  -22.63393021]
[-14.5982132  -16.8303566  -22.63393021]
[-14.5982132  -16.8303566  -22.63393021]
[-17.2767868 -21.2946434 -21.5178566]
[-17.5       -21.5178566 -22.1875   ]
[-15.49107361 -21.9642868  -19.2857132 ]
[-14.82142639 -16.1607132  -20.625     ]
[-14.82142639 -16.1607132  -20.625     ]
[-12.5892868  -16.8303566  -16.38393021]
[-12.36607361 -17.2767868  -18.61606979]
[-12.36607361 -17.2767868  -18.61606979]
[-12.36607361 -17.2767868  -18.61606979]
[-11.25       -16.38393021 -16.1607132 ]
[-11.25       -16.38393021 -16.1607132 ]
[-11.25       -16.38393021 -16.1607132 ]
[-11.69642639 -16.38393021 -14.82142639]
[-14.1517868  -15.04463959 -19.7321434 ]
[-15.7142868 -20.4017868 -17.5      ]
[-15.7142868 -20.4017868 -17.5      ]
[-17.5       -21.5178566 -22.1875   ]
[-17.5       -21.5178566 -22.1875   ]
[-17.5       -21.5178566 -22.1875   ]
[-14.82142639 -17.2767868  -22.63393021]
[-13.70536041 -16.6071434  -17.94643021]
[-11.4732132  -17.05356979 -18.61606979]
[-12.36607361 -17.2767868  -18.61606979]
[-12.36607361 -17.2767868  -18.61606979]
[-11.25       -16.38393021 -16.1607132 ]
[-12.5892868  -15.26786041 -17.05356979]
[-12.5892868  -15.26786041 -17.05356979]
[-11.69642639 -16.38393021 -14.82142639]
[-11.69642639 -16.38393021 -14.82142639]
[-14.1517868  -15.04463959 -19.7321434 ]
[-14.5982132  -16.8303566  -22.63393021]
[-14.5982132  -16.8303566  -22.63393021]
[-14.5982132  -16.8303566  -22.63393021]
[-17.2767868 -21.2946434 -21.5178566]
[-17.2767868 -21.2946434 -21.5178566]
[-17.5       -21.5178566 -22.1875   ]
[-15.49107361 -21.9642868  -19.2857132 ]
[-14.82142639 -16.1607132  -20.625     ]
[-14.82142639 -16.1607132  -20.625     ]
[-12.5892868  -16.8303566  -16.38393021]
[-12.36607361 -17.2767868  -18.61606979]
[-12.36607361 -17.2767868  -18.61606979]
[-12.36607361 -17.2767868  -18.61606979]
[-11.25       -16.38393021 -16.1607132 ]
[-11.25       -16.38393021 -16.1607132 ]
[-11.69642639 -16.38393021 -14.82142639]
[-14.1517868  -15.04463959 -19.7321434 ]
[-14.1517868  -15.04463959 -19.7321434 ]
[-15.7142868 -20.4017868 -17.5      ]
[-17.2767868 -21.2946434 -21.5178566]
[-17.5       -21.5178566 -22.1875   ]
[-17.5       -21.5178566 -22.1875   ]
[-14.82142639 -17.2767868  -22.63393021]
[-14.82142639 -17.2767868  -22.63393021]
[-13.70536041 -16.6071434  -17.94643021]
[-12.36607361 -17.2767868  -18.61606979]
[-12.36607361 -17.2767868  -18.61606979]
[-12.36607361 -17.2767868  -18.61606979]
[-11.25       -16.38393021 -16.1607132 ]
[-12.5892868  -15.26786041 -17.05356979]
[-12.5892868  -15.26786041 -17.05356979]
[-11.69642639 -16.38393021 -14.82142639]
[-11.69642639 -16.38393021 -14.82142639]
[-14.1517868  -15.04463959 -19.7321434 ]
[-14.5982132  -16.8303566  -22.63393021]
[-14.5982132  -16.8303566  -22.63393021]
[-14.5982132  -16.8303566  -22.63393021]
[-10. -10. -10.]
[-10. -10. -10.]
[-10. -10. -10.]
[-10. -10. -10.]
[-10. -10. -10.]
[-10. -10. -10.]
[-10. -10. -10.]
[-10. -10. -10.]
[-10. -10. -10.]
[-10. -10. -10.]
[-10. -10. -10.]
[-10. -10. -10.]
[-10. -10. -10.]
[-10. -10. -10.]
[-10. -10. -10.]
[-10. -10. -10.]
[-10. -10. -10.]
[-10. -10. -10.]
[-10. -10. -10.]
[-10. -10. -10.]
[-10. -10. -10.]
[-10. -10. -10.]
[-10. -10. -10.]
[-10. -10. -10.]
[-10. -10. -10.]
[-10. -10. -10.]
[-10. -10. -10.]
[-10. -10. -10.]
[-10. -10. -10.]
[-10. -10. -10.]
[-10. -10. -10.]
[-10. -10. -10.]
[-10. -10. -10.]
[-10. -10. -10.]
[-10. -10. -10.]
[-10. -10. -10.]
[-10. -10. -10.]
[-10. -10. -10.]
[-10. -10. -10.]
[-10. -10. -10.]
[-10. -10. -10.]
[-10. -10. -10.]
[-10. -10. -10.]
[-10. -10. -10.]
[-10. -10. -10.]
[-10. -10. -10.]
[-10. -10. -10.]
[-10. -10. -10.]
[-10. -10. -10.]
[-10. -10. -10.]
[-10. -10. -10.]
[-10. -10. -10.]
[-10. -10. -10.]
[-10. -10. -10.]
[-10. -10. -10.]
[-10. -10. -10.]
[-10. -10. -10.]
[-10. -10. -10.]
[-10. -10. -10.]
[-10. -10. -10.]
[-10. -10. -10.]
[-10. -10. -10.]
[-10. -10. -10.]
[-10. -10. -10.]
[-10. -10. -10.]
[-10. -10. -10.]
[-10. -10. -10.]
[-10. -10. -10.]
[-10. -10. -10.]
[-10. -10. -10.]
[-10. -10. -10.]
[-10. -10. -10.]
[-10. -10. -10.]
[-10. -10. -10.]
[-10. -10. -10.]
[-10. -10. -10.]
[-10. -10. -10.]
[-10. -10. -10.]
[-10. -10. -10.]
[-10. -10. -10.]
[-10. -10. -10.]
[-10. -10. -10.]
[-10. -10. -10.]
[-10. -10. -10.]
[-10. -10. -10.]
[-10. -10. -10.]
[-10. -10. -10.]
[-10. -10. -10.]
[-10. -10. -10.]
[-10. -10. -10.]
[-10. -10. -10.]
[-10. -10. -10.]
[-10. -10. -10.]
[-10. -10. -10.]
[-10. -10. -10.]
[-10. -10. -10.]
[-10. -10. -10.]
[-10. -10. -10.]
[-10. -10. -10.]
[-10. -10. -10.]
[-10. -10. -10.]
[-10. -10. -10.]
[-10. -10. -10.]
[-10. -10. -10.]
[-10. -10. -10.]
[-10. -10. -10.]
[-10. -10. -10.]
[-10. -10. -10.]
[-10. -10. -10.]
[-10. -10. -10.]
[-10. -10. -10.]
[-10. -10. -10.]
[-10. -10. -10.]
[-10. -10. -10.]
[-10. -10. -10.]
[-10. -10. -10.]
[-10. -10. -10.]
[-10. -10. -10.]
[-10. -10. -10.]
[-10. -10. -10.]
[-10. -10. -10.]
[-10. -10. -10.]
[-10. -10. -10.]
[-10. -10. -10.]
[-10. -10. -10.]
[-10. -10. -10.]
[-10. -10. -10.]
[-10. -10. -10.]
[-10. -10. -10.]
[-10. -10. -10.]
[-10. -10. -10.]
[-10. -10. -10.]
[-10. -10. -10.]
[-10. -10. -10.]
[-10. -10. -10.]
[-10. -10. -10.]
[-10. -10. -10.]
[-10. -10. -10.]
[-10. -10. -10.]
[-10. -10. -10.]
[-10. -10. -10.]
[-10. -10. -10.]
[-10. -10. -10.]
[-10. -10. -10.]
[-10. -10. -10.]
[-10. -10. -10.]
[-10. -10. -10.]
[-10. -10. -10.]
[-10. -10. -10.]
[-10. -10. -10.]
[-10. -10. -10.]
[-10. -10. -10.]
[-10. -10. -10.]
[-10. -10. -10.]
[-10. -10. -10.]
[-10.         -11.95000076 -10.        ]
[-10. -10. -10.]
[-10. -10. -10.]
[-10. -10. -10.]
[-10. -10. -10.]
[-10. -10. -10.]
[-10. -10. -10.]
[-10. -10. -10.]
[-10. -10. -10.]
[-10. -10. -10.]
[-10. -10. -10.]
[-10. -10. -10.]
[-10. -10. -10.]
[-10. -10. -10.]
[-10. -10. -10.]
[-10. -10. -10.]
[-10. -10. -10.]
[-10. -10. -10.]
[-10. -10. -10.]
[-10. -10. -10.]
[-10. -10. -10.]
[-10. -10. -10.]
[-10. -10. -10.]
[-10. -10. -10.]
[-10. -10. -10.]
[-10. -10. -10.]
[-10. -10. -10.]
[-10. -10. -10.]
[-10. -10. -10.]
[-10. -10. -10.]
[-10. -10. -10.]
[-10. -10. -10.]
[-10. -10. -10.]
[-10. -10. -10.]
[-10.         -11.95000076 -10.        ]
[-10. -10. -10.]
[-10. -10. -10.]
[-10. -10. -10.]
[-10. -10. -10.]
[-10. -10. -10.]
[-10. -10. -10.]
[-10. -10. -10.]
[-10. -10. -10.]
[-10. -10. -10.]
[-10. -10. -10.]
[-10. -10. -10.]
[-10. -10. -10.]
[-10. -10. -10.]
[-10. -10. -10.]
[-10. -10. -10.]
[-10. -10. -10.]
[-10. -10. -10.]
[-10. -10. -10.]
[-10. -10. -10.]
[-10. -10. -10.]
[-10. -10. -10.]
[-10. -10. -10.]
[-10. -10. -10.]
[-10. -10. -10.]
[-10. -10. -10.]
[-10. -10. -10.]
[-10. -10. -10.]
[-10. -10. -10.]
[-10. -10. -10.]
[-10. -10. -10.]
[-10. -10. -10.]
[-10. -10. -10.]
[-10. -10. -10.]
[-10.         -11.95000076 -10.        ]
[-10. -10. -10.]
[-10. -10. -10.]
[-10. -10. -10.]
[-10. -10. -10.]
[-10. -10. -10.]
[-10. -10. -10.]
[-10. -10. -10.]
[-10. -10. -10.]
[-10. -10. -10.]
[-10. -10. -10.]
[-10. -10. -10.]
[-10. -10. -10.]
[-10. -10. -10.]
[-10. -10. -10.]
[-10. -10. -10.]
[-10. -10. -10.]
[-10. -10. -10.]
[-10. -10. -10.]
[-10. -10. -10.]
[-10. -10. -10.]
[-10. -10. -10.]
[-10. -10. -10.]
[-10. -10. -10.]
[-10. -10. -10.]
[-10. -10. -10.]
[-10. -10. -10.]
[-10. -10. -10.]
[-10. -10. -10.]
[-10. -10. -10.]
[-10. -10. -10.]
[-10. -10. -10.]
[-10. -10. -10.]
[-10. -10. -10.]
[-10.         -11.95000076 -10.        ]
[-10. -10. -10.]
[-10. -10. -10.]
[-10. -10. -10.]
[-10. -10. -10.]
[-10. -10. -10.]
[-10. -10. -10.]
[-10. -10. -10.]
[-10. -10. -10.]
[-10. -10. -10.]
[-10. -10. -10.]
[-10. -10. -10.]
[-10. -10. -10.]
[-10. -10. -10.]
[-10. -10. -10.]
[-10. -10. -10.]
[-10. -10. -10.]
[-10. -10. -10.]
[-10. -10. -10.]
[-10. -10. -10.]
[-10. -10. -10.]
[-10. -10. -10.]
[-10. -10. -10.]
[-10. -10. -10.]
[-10. -10. -10.]
[-10. -10. -10.]
[-10. -10. -10.]
[-10. -10. -10.]
[-10. -10. -10.]
[-10. -10. -10.]
[-10. -10. -10.]
[-10. -10. -10.]
[-10. -10. -10.]
[-10. -10. -10.]
[-10.         -11.95000076 -10.        ]
[-10. -10. -10.]
[-10. -10. -10.]
[-10. -10. -10.]
[-10. -10. -10.]
[-10. -10. -10.]
[-10. -10. -10.]
[-10. -10. -10.]
[-10. -10. -10.]
[-10. -10. -10.]
[-10. -10. -10.]
[-10. -10. -10.]
[-10. -10. -10.]
[-10. -10. -10.]
[-10. -10. -10.]
[-10. -10. -10.]
[-10. -10. -10.]
[-10. -10. -10.]
[-10. -10. -10.]
[-10. -10. -10.]
[-10. -10. -10.]
[-10. -10. -10.]
[-10. -10. -10.]
[-10. -10. -10.]
[-10. -10. -10.]
[-10. -10. -10.]
[-10. -10. -10.]
[-10. -10. -10.]
[-10. -10. -10.]
[-10. -10. -10.]
[-10. -10. -10.]
[-10. -10. -10.]
[-10. -10. -10.]
[-10. -10. -10.]
[-10.         -11.95000076 -10.        ]
[-10. -10. -10.]
[-10. -10. -10.]
[-10. -10. -10.]
[-10. -10. -10.]
[-10. -10. -10.]
[-10. -10. -10.]
[-10. -10. -10.]
[-10. -10. -10.]
[-10. -10. -10.]
[-10. -10. -10.]
[-10. -10. -10.]
[-10. -10. -10.]
[-10. -10. -10.]
[-10. -10. -10.]
[-10. -10. -10.]
[-10. -10. -10.]
[-10. -10. -10.]
[-10. -10. -10.]
[-10. -10. -10.]
[-10. -10. -10.]
[-10. -10. -10.]
[-10. -10. -10.]
[-10. -10. -10.]
[-10. -10. -10.]
[-10. -10. -10.]
[-10. -10. -10.]
[-10. -10. -10.]
[-10. -10. -10.]
[-10. -10. -10.]
[-10. -10. -10.]
[-10. -10. -10.]
[-10. -10. -10.]
[-10. -10. -10.]
[-10.         -11.95000076 -10.        ]
[-10. -10. -10.]
[-10. -10. -10.]
[-10. -10. -10.]
[-10. -10. -10.]
[-10. -10. -10.]
[-10. -10. -10.]
[-10. -10. -10.]
[-10. -10. -10.]
[-10. -10. -10.]
[-10. -10. -10.]
[-10. -10. -10.]
[-10. -10. -10.]
[-10. -10. -10.]
[-10. -10. -10.]
[-10. -10. -10.]
[-10. -10. -10.]
[-10. -10. -10.]
[-10. -10. -10.]
[-10. -10. -10.]
[-10. -10. -10.]
[-10. -10. -10.]
[-10. -10. -10.]
[-10. -10. -10.]
[-10. -10. -10.]
[-10. -10. -10.]
[-10. -10. -10.]
[-10. -10. -10.]
[-10. -10. -10.]
[-10. -10. -10.]
[-10. -10. -10.]
[-10. -10. -10.]
[-10. -10. -10.]
[-10. -10. -10.]
[-10.         -11.95000076 -10.        ]
[-10. -10. -10.]
[-10. -10. -10.]
[-10. -10. -10.]
[-10. -10. -10.]
[-10. -10. -10.]
[-10. -10. -10.]
[-10. -10. -10.]
[-10. -10. -10.]
[-10. -10. -10.]
[-10. -10. -10.]
[-10. -10. -10.]
[-10. -10. -10.]
[-10. -10. -10.]
[-10. -10. -10.]
[-10. -10. -10.]
[-10. -10. -10.]
[-10. -10. -10.]
[-10. -10. -10.]
[-10. -10. -10.]
[-10. -10. -10.]
[-10. -10. -10.]
[-10. -10. -10.]
[-10. -10. -10.]
[-10. -10. -10.]
[-10. -10. -10.]
[-10. -10. -10.]
[-10. -10. -10.]
[-10. -10. -10.]
[-10. -10. -10.]
[-10. -10. -10.]
[-10. -10. -10.]
[-10. -10. -10.]
[-10. -10. -10.]
[-10.         -11.95000076 -10.        ]
[-10. -10. -10.]
[-10. -10. -10.]
[-10. -10. -10.]
[-10. -10. -10.]
[-10. -10. -10.]
[-10. -10. -10.]
[-10. -10. -10.]
[-10. -10. -10.]
[-10. -10. -10.]
[-10. -10. -10.]
[-10. -10. -10.]
[-10. -10. -10.]
[-10. -10. -10.]
[-10. -10. -10.]
[-10. -10. -10.]
[-10. -10. -10.]
[-10. -10. -10.]
[-10. -10. -10.]
[-10. -10. -10.]
[-10. -10. -10.]
[-10. -10. -10.]
[-10. -10. -10.]
[-10. -10. -10.]
[-10. -10. -10.]
[-10. -10. -10.]
[-10. -10. -10.]
[-10. -10. -10.]
[-10. -10. -10.]
[-10. -10. -10.]
[-10. -10. -10.]
[-10. -10. -10.]
[-10. -10. -10.]
[-10. -10. -10.]
[-10.         -11.95000076 -10.        ]
[-10. -10. -10.]
[-10. -10. -10.]
[-10. -10. -10.]
[-10. -10. -10.]
[-10. -10. -10.]
[-10. -10. -10.]
[-10. -10. -10.]
[-10. -10. -10.]
[-10. -10. -10.]
[-10. -10. -10.]
[-10. -10. -10.]
[-10. -10. -10.]
[-10. -10. -10.]
[-10. -10. -10.]
[-10. -10. -10.]
[-10. -10. -10.]
[-10. -10. -10.]
[-10. -10. -10.]
[-10. -10. -10.]
[-10. -10. -10.]
[-10. -10. -10.]
[-10. -10. -10.]
[-10. -10. -10.]
[-10. -10. -10.]
[-10. -10. -10.]
[-10. -10. -10.]
[-10. -10. -10.]
[-10. -10. -10.]
[-10. -10. -10.]
[-10. -10. -10.]
[-10. -10. -10.]
[-10. -10. -10.]
[-10. -10. -10.]
[-10. -10. -10.]
[-10. -10. -10.]
[-10. -10. -10.]
[-10. -10. -10.]
[-22.68581009 -21.06418991 -26.58783722]
[-22.68581009 -21.06418991 -26.58783722]
[-22.68581009 -21.06418991 -26.58783722]
[-22.68581009 -21.06418991 -26.58783722]
[-22.68581009 -21.06418991 -26.58783722]
[-22.68581009 -21.06418991 -26.58783722]
[-22.68581009 -21.06418991 -26.58783722]
[-22.68581009 -21.06418991 -26.58783722]
[-22.68581009 -21.06418991 -26.58783722]
[-22.68581009 -21.06418991 -26.58783722]
[-22.68581009 -21.06418991 -26.58783722]
[-22.68581009 -21.06418991 -26.58783722]
[-22.68581009 -21.06418991 -26.58783722]
[-22.68581009 -21.06418991 -26.58783722]
[-22.68581009 -21.06418991 -26.58783722]
[-22.68581009 -21.06418991 -26.58783722]
[-22.68581009 -21.06418991 -26.58783722]
[-22.68581009 -21.06418991 -26.58783722]
[-22.68581009 -21.06418991 -26.58783722]
[-22.68581009 -21.06418991 -26.58783722]
[-22.68581009 -21.06418991 -26.58783722]
[-22.68581009 -21.06418991 -26.58783722]
[-22.68581009 -21.06418991 -26.58783722]
[-22.68581009 -21.06418991 -26.58783722]
[-22.68581009 -21.06418991 -26.58783722]
[-22.68581009 -21.06418991 -26.58783722]
[-22.68581009 -21.06418991 -26.58783722]
[-22.68581009 -21.06418991 -26.58783722]
[-22.68581009 -21.06418991 -26.58783722]
[-22.68581009 -21.06418991 -26.58783722]
[-22.68581009 -21.06418991 -26.58783722]
[-22.68581009 -21.06418991 -26.58783722]
[-22.68581009 -21.06418991 -26.58783722]
[-22.68581009 -21.06418991 -26.58783722]
[-22.68581009 -21.06418991 -26.58783722]
[-22.68581009 -21.06418991 -26.58783722]
[-22.68581009 -21.06418991 -26.58783722]
[-22.68581009 -21.06418991 -26.58783722]
[-22.68581009 -21.06418991 -26.58783722]
[-22.68581009 -21.06418991 -26.58783722]
[-22.68581009 -21.06418991 -26.58783722]
[-22.68581009 -21.06418991 -26.58783722]
[-22.68581009 -21.06418991 -26.58783722]
[-22.68581009 -21.06418991 -26.58783722]
[-22.68581009 -21.06418991 -26.58783722]
[-22.68581009 -21.06418991 -26.58783722]
[-22.68581009 -21.06418991 -26.58783722]
[-22.68581009 -21.06418991 -26.58783722]
[-22.68581009 -21.06418991 -26.58783722]
[-22.68581009 -21.06418991 -26.58783722]
[-22.68581009 -21.06418991 -26.58783722]
[-22.68581009 -21.06418991 -26.58783722]
[-22.68581009 -21.06418991 -26.58783722]
[-22.68581009 -21.06418991 -26.58783722]
[-22.68581009 -21.06418991 -26.58783722]
[-22.68581009 -21.06418991 -26.58783722]
[-22.68581009 -21.06418991 -26.58783722]
[-22.68581009 -21.06418991 -26.58783722]
[-22.68581009 -21.06418991 -26.58783722]
[-22.68581009 -21.06418991 -26.58783722]
[-22.68581009 -21.06418991 -26.58783722]
[-22.68581009 -21.06418991 -26.58783722]
[-22.68581009 -21.06418991 -26.58783722]
[-22.68581009 -21.06418991 -26.58783722]
[-22.68581009 -21.06418991 -26.58783722]
[-22.68581009 -21.06418991 -26.58783722]
[-22.68581009 -21.06418991 -26.58783722]
[-22.68581009 -21.06418991 -26.58783722]
[-22.68581009 -21.06418991 -26.58783722]
[-22.68581009 -21.06418991 -26.58783722]
[-22.68581009 -21.06418991 -26.58783722]
[-22.68581009 -21.06418991 -26.58783722]
[-22.68581009 -21.06418991 -26.58783722]
[-22.68581009 -21.06418991 -26.58783722]
[-22.68581009 -21.06418991 -26.58783722]
[-22.68581009 -21.06418991 -26.58783722]
[-22.68581009 -21.06418991 -26.58783722]
[-22.68581009 -21.06418991 -26.58783722]
[-22.68581009 -21.06418991 -26.58783722]
[-22.68581009 -21.06418991 -26.58783722]
[-22.68581009 -21.06418991 -26.58783722]
[-22.68581009 -21.06418991 -26.58783722]
[-22.68581009 -21.06418991 -26.58783722]
[-22.68581009 -21.06418991 -26.58783722]
[-22.68581009 -21.06418991 -26.58783722]
[-22.68581009 -21.06418991 -26.58783722]
[-22.68581009 -21.06418991 -26.58783722]
[-22.68581009 -21.06418991 -26.58783722]
[-22.68581009 -21.06418991 -26.58783722]
[-22.68581009 -21.06418991 -26.58783722]
[-22.68581009 -21.06418991 -26.58783722]
[-22.68581009 -21.06418991 -26.58783722]
[-22.68581009 -21.06418991 -26.58783722]
[-22.68581009 -21.06418991 -26.58783722]
[-22.68581009 -21.06418991 -26.58783722]
[-22.68581009 -21.06418991 -26.58783722]
[-22.68581009 -21.06418991 -26.58783722]
[-22.68581009 -21.06418991 -26.58783722]
[-22.68581009 -21.06418991 -26.58783722]
[-22.68581009 -21.06418991 -26.58783722]
[-22.68581009 -21.06418991 -26.58783722]
[-22.68581009 -21.06418991 -26.58783722]
[-22.68581009 -21.06418991 -26.58783722]
[-22.68581009 -21.06418991 -26.58783722]
[-22.68581009 -21.06418991 -26.58783722]
[-22.68581009 -21.06418991 -26.58783722]
[-22.68581009 -21.06418991 -26.58783722]
[-22.68581009 -21.06418991 -26.58783722]
[-22.68581009 -21.06418991 -26.58783722]
[-22.68581009 -21.06418991 -26.58783722]
[-22.68581009 -21.06418991 -26.58783722]
[-22.68581009 -21.06418991 -26.58783722]
[-22.68581009 -21.06418991 -26.58783722]
[-22.68581009 -21.06418991 -26.58783722]
[-22.68581009 -21.06418991 -26.58783722]
[-22.68581009 -21.06418991 -26.58783722]
[-22.68581009 -21.06418991 -26.58783722]
[-22.68581009 -21.06418991 -26.58783722]
[-22.68581009 -21.06418991 -26.58783722]
[-22.68581009 -21.06418991 -26.58783722]
[-22.68581009 -21.06418991 -26.58783722]
[-22.68581009 -21.06418991 -26.58783722]
[-22.68581009 -21.06418991 -26.58783722]
[-22.68581009 -21.06418991 -26.58783722]
[-22.68581009 -21.06418991 -26.58783722]
[-22.68581009 -21.06418991 -26.58783722]
[-22.68581009 -21.06418991 -26.58783722]
[-22.68581009 -21.06418991 -26.58783722]
[-22.68581009 -21.06418991 -26.58783722]
[-22.68581009 -21.06418991 -26.58783722]
[-22.68581009 -21.06418991 -26.58783722]
[-22.68581009 -21.06418991 -26.58783722]
[-22.68581009 -21.06418991 -26.58783722]
[-22.68581009 -21.06418991 -26.58783722]
[-22.68581009 -21.06418991 -26.58783722]
[-22.68581009 -21.06418991 -26.58783722]
[-22.68581009 -21.06418991 -26.58783722]
[-22.68581009 -21.06418991 -26.58783722]
[-22.68581009 -21.06418991 -26.58783722]
[-22.68581009 -21.06418991 -26.58783722]
[-22.68581009 -21.06418991 -26.58783722]
[-22.68581009 -21.06418991 -26.58783722]
[-22.68581009 -21.06418991 -26.58783722]
[-22.68581009 -21.06418991 -26.58783722]
[-22.68581009 -21.06418991 -26.58783722]
[-22.68581009 -21.06418991 -26.58783722]
[-22.68581009 -21.06418991 -26.58783722]
[-22.68581009 -21.06418991 -26.58783722]
[-22.68581009 -21.06418991 -26.58783722]
[-22.68581009 -21.06418991 -26.58783722]
[-22.68581009 -21.06418991 -26.58783722]
[-22.68581009 -21.06418991 -26.58783722]
[-22.68581009 -21.06418991 -26.58783722]
[-22.68581009 -21.06418991 -26.58783722]
[-22.68581009 -21.06418991 -26.58783722]
[-22.68581009 -21.06418991 -26.58783722]
[-22.68581009 -21.06418991 -26.58783722]
[-22.68581009 -21.06418991 -26.58783722]
[-22.68581009 -21.06418991 -26.58783722]
[-22.68581009 -21.06418991 -26.58783722]
[-22.68581009 -21.06418991 -26.58783722]
[-22.68581009 -21.06418991 -26.58783722]
[-22.68581009 -21.06418991 -26.58783722]
[-22.68581009 -21.06418991 -26.58783722]
[-22.68581009 -21.06418991 -26.58783722]
[-22.68581009 -21.06418991 -26.58783722]
[-22.68581009 -21.06418991 -26.58783722]
[-22.68581009 -21.06418991 -26.58783722]
[-22.68581009 -21.06418991 -26.58783722]
[-22.68581009 -21.06418991 -26.58783722]
[-22.68581009 -21.06418991 -26.58783722]
[-22.68581009 -21.06418991 -26.58783722]
[-22.68581009 -21.06418991 -26.58783722]
[-22.68581009 -21.06418991 -26.58783722]
[-22.68581009 -21.06418991 -26.58783722]
[-22.68581009 -21.06418991 -26.58783722]
[-22.68581009 -21.06418991 -26.58783722]
[-22.68581009 -21.06418991 -26.58783722]
[-22.68581009 -21.06418991 -26.58783722]
[-22.68581009 -21.06418991 -26.58783722]
[-22.68581009 -21.06418991 -26.58783722]
[-22.68581009 -21.06418991 -26.58783722]
[-22.68581009 -21.06418991 -26.58783722]
[-22.68581009 -21.06418991 -26.58783722]
[-22.68581009 -21.06418991 -26.58783722]
[-22.68581009 -21.06418991 -26.58783722]
[-22.68581009 -21.06418991 -26.58783722]
[-22.68581009 -21.06418991 -26.58783722]
[-22.68581009 -21.06418991 -26.58783722]
[-22.68581009 -21.06418991 -26.58783722]
[-22.68581009 -21.06418991 -26.58783722]
[-22.68581009 -21.06418991 -26.58783722]
[-22.68581009 -21.06418991 -26.58783722]
[-22.68581009 -21.06418991 -26.58783722]
[-22.68581009 -21.06418991 -26.58783722]
[-22.68581009 -21.06418991 -26.58783722]
[-22.68581009 -21.06418991 -26.58783722]
[-22.68581009 -21.06418991 -26.58783722]
[-22.68581009 -21.06418991 -26.58783722]
[-22.68581009 -21.06418991 -26.58783722]
[-22.68581009 -21.06418991 -26.58783722]
[-22.68581009 -21.06418991 -26.58783722]
[-22.68581009 -21.06418991 -26.58783722]
[-22.68581009 -21.06418991 -26.58783722]
[-22.68581009 -21.06418991 -26.58783722]
[-22.68581009 -21.06418991 -26.58783722]
[-22.68581009 -21.06418991 -26.58783722]
[-22.68581009 -21.06418991 -26.58783722]
[-22.68581009 -21.06418991 -26.58783722]
[-22.68581009 -21.06418991 -26.58783722]
[-22.68581009 -21.06418991 -26.58783722]
[-22.68581009 -21.06418991 -26.58783722]
[-22.68581009 -21.06418991 -26.58783722]
[-22.68581009 -21.06418991 -26.58783722]
[-22.68581009 -21.06418991 -26.58783722]
[-22.68581009 -21.06418991 -26.58783722]
[-22.68581009 -21.06418991 -26.58783722]
[-22.68581009 -21.06418991 -26.58783722]
[-22.68581009 -21.06418991 -26.58783722]
[-22.68581009 -21.06418991 -26.58783722]
[-22.68581009 -21.06418991 -26.58783722]
[-22.68581009 -21.06418991 -26.58783722]
[-22.68581009 -21.06418991 -26.58783722]
[-22.68581009 -21.06418991 -26.58783722]
[-22.68581009 -21.06418991 -26.58783722]
[-22.68581009 -21.06418991 -26.58783722]
[-22.68581009 -21.06418991 -26.58783722]
[-22.68581009 -21.06418991 -26.58783722]
[-22.68581009 -21.06418991 -26.58783722]
[-22.68581009 -21.06418991 -26.58783722]
[-22.68581009 -21.06418991 -26.58783722]
[-22.68581009 -21.06418991 -26.58783722]
[-22.68581009 -21.06418991 -26.58783722]
[-22.68581009 -21.06418991 -26.58783722]
[-22.68581009 -21.06418991 -26.58783722]
[-22.68581009 -21.06418991 -26.58783722]
[-22.68581009 -21.06418991 -26.58783722]
[-22.68581009 -21.06418991 -26.58783722]
[-22.68581009 -21.06418991 -26.58783722]
[-22.68581009 -21.06418991 -26.58783722]
[-22.68581009 -21.06418991 -26.58783722]
[-22.68581009 -21.06418991 -26.58783722]
[-22.68581009 -21.06418991 -26.58783722]
[-22.68581009 -21.06418991 -26.58783722]
[-22.68581009 -21.06418991 -26.58783722]
[-22.68581009 -21.06418991 -26.58783722]
[-22.68581009 -21.06418991 -26.58783722]
[-22.68581009 -21.06418991 -26.58783722]
[-22.68581009 -21.06418991 -26.58783722]
[-22.68581009 -21.06418991 -26.58783722]
[-22.68581009 -21.06418991 -26.58783722]
[-22.68581009 -21.06418991 -26.58783722]
[-22.68581009 -21.06418991 -26.58783722]
[-22.68581009 -21.06418991 -26.58783722]
[-22.68581009 -21.06418991 -26.58783722]
[-22.68581009 -21.06418991 -26.58783722]
[-22.68581009 -21.06418991 -26.58783722]
[-22.68581009 -21.06418991 -26.58783722]
[-22.68581009 -21.06418991 -26.58783722]
[-22.68581009 -21.06418991 -26.58783722]
[-22.68581009 -21.06418991 -26.58783722]
[-22.68581009 -21.06418991 -26.58783722]
[-22.68581009 -21.06418991 -26.58783722]
[-22.68581009 -21.06418991 -26.58783722]
[-22.68581009 -21.06418991 -26.58783722]
[-22.68581009 -21.06418991 -26.58783722]
[-22.68581009 -21.06418991 -26.58783722]
[-22.68581009 -21.06418991 -26.58783722]
[-22.68581009 -21.06418991 -26.58783722]
[-22.68581009 -21.06418991 -26.58783722]
[-22.68581009 -21.06418991 -26.58783722]
[-22.68581009 -21.06418991 -26.58783722]
[-22.68581009 -21.06418991 -26.58783722]
[-22.68581009 -21.06418991 -26.58783722]
[-22.68581009 -21.06418991 -26.58783722]
[-22.68581009 -21.06418991 -26.58783722]
[-22.68581009 -21.06418991 -26.58783722]
[-22.68581009 -21.06418991 -26.58783722]
[-22.68581009 -21.06418991 -26.58783722]
[-22.68581009 -21.06418991 -26.58783722]
[-22.68581009 -21.06418991 -26.58783722]
[-22.68581009 -21.06418991 -26.58783722]
[-22.68581009 -21.06418991 -26.58783722]
[-22.68581009 -21.06418991 -26.58783722]
[-22.68581009 -21.06418991 -26.58783722]
[-22.68581009 -21.06418991 -26.58783722]
[-22.68581009 -21.06418991 -26.58783722]
[-22.68581009 -21.06418991 -26.58783722]
[-22.68581009 -21.06418991 -26.58783722]
[-22.68581009 -21.06418991 -26.58783722]
[-22.68581009 -21.06418991 -26.58783722]
[-22.68581009 -21.06418991 -26.58783722]
[-22.68581009 -21.06418991 -26.58783722]
[-22.68581009 -21.06418991 -26.58783722]
[-22.68581009 -21.06418991 -26.58783722]
[-22.68581009 -21.06418991 -26.58783722]
[-22.68581009 -21.06418991 -26.58783722]
[-22.68581009 -21.06418991 -26.58783722]
[-22.68581009 -21.06418991 -26.58783722]
[-22.68581009 -21.06418991 -26.58783722]
[-22.68581009 -21.06418991 -26.58783722]
[-22.68581009 -21.06418991 -26.58783722]
[-22.68581009 -21.06418991 -26.58783722]
[-22.68581009 -21.06418991 -26.58783722]
[-22.68581009 -21.06418991 -26.58783722]
[-22.68581009 -21.06418991 -26.58783722]
[-22.68581009 -21.06418991 -26.58783722]
[-22.68581009 -21.06418991 -26.58783722]
[-22.68581009 -21.06418991 -26.58783722]
[-22.68581009 -21.06418991 -26.58783722]
[-22.68581009 -21.06418991 -26.58783722]
[-22.68581009 -21.06418991 -26.58783722]
[-22.68581009 -21.06418991 -26.58783722]
[-22.68581009 -21.06418991 -26.58783722]
[-22.68581009 -21.06418991 -26.58783722]
[-22.68581009 -21.06418991 -26.58783722]
[-22.68581009 -21.06418991 -26.58783722]
[-22.68581009 -21.06418991 -26.58783722]
[-22.68581009 -21.06418991 -26.58783722]
[-22.68581009 -21.06418991 -26.58783722]
[-22.68581009 -21.06418991 -26.58783722]
[-22.68581009 -21.06418991 -26.58783722]
[-22.68581009 -21.06418991 -26.58783722]
[-22.68581009 -21.06418991 -26.58783722]
[-22.68581009 -21.06418991 -26.58783722]
[-22.68581009 -21.06418991 -26.58783722]
[-22.68581009 -21.06418991 -26.58783722]
[-22.68581009 -21.06418991 -26.58783722]
[-22.68581009 -21.06418991 -26.58783722]
[-22.68581009 -21.06418991 -26.58783722]
[-22.68581009 -21.06418991 -26.58783722]
[-22.68581009 -21.06418991 -26.58783722]
[-22.68581009 -21.06418991 -26.58783722]
[-22.68581009 -21.06418991 -26.58783722]
[-22.68581009 -21.06418991 -26.58783722]
[-22.68581009 -21.06418991 -26.58783722]
[-22.68581009 -21.06418991 -26.58783722]
[-22.68581009 -21.06418991 -26.58783722]
[-22.68581009 -21.06418991 -26.58783722]
[-22.68581009 -21.06418991 -26.58783722]
[-22.68581009 -21.06418991 -26.58783722]
[-22.68581009 -21.06418991 -26.58783722]
[-22.68581009 -21.06418991 -26.58783722]
[-22.68581009 -21.06418991 -26.58783722]
[-22.68581009 -21.06418991 -26.58783722]
[-22.68581009 -21.06418991 -26.58783722]
[-22.68581009 -21.06418991 -26.58783722]
[-22.68581009 -21.06418991 -26.58783722]
[-22.68581009 -21.06418991 -26.58783722]
[-22.68581009 -21.06418991 -26.58783722]
[-22.68581009 -21.06418991 -26.58783722]
[-22.68581009 -21.06418991 -26.58783722]
[-22.68581009 -21.06418991 -26.58783722]
[-22.68581009 -21.06418991 -26.58783722]
[-22.68581009 -21.06418991 -26.58783722]
[-22.68581009 -21.06418991 -26.58783722]
[-22.68581009 -21.06418991 -26.58783722]
[-22.68581009 -21.06418991 -26.58783722]
[-22.68581009 -21.06418991 -26.58783722]
[-22.68581009 -21.06418991 -26.58783722]
[-22.68581009 -21.06418991 -26.58783722]
[-22.68581009 -21.06418991 -26.58783722]
[-22.68581009 -21.06418991 -26.58783722]
[-22.68581009 -21.06418991 -26.58783722]
[-22.68581009 -21.06418991 -26.58783722]
[-22.68581009 -21.06418991 -26.58783722]
[-22.68581009 -21.06418991 -26.58783722]
[-22.68581009 -21.06418991 -26.58783722]
[-22.68581009 -21.06418991 -26.58783722]
[-22.68581009 -21.06418991 -26.58783722]
[-22.68581009 -21.06418991 -26.58783722]
[-22.68581009 -21.06418991 -26.58783722]
[-22.68581009 -21.06418991 -26.58783722]
[-22.68581009 -21.06418991 -26.58783722]
[-22.68581009 -21.06418991 -26.58783722]
[-22.68581009 -21.06418991 -26.58783722]
[-22.68581009 -21.06418991 -26.58783722]
[-22.68581009 -21.06418991 -26.58783722]
[-22.68581009 -21.06418991 -26.58783722]
[-22.68581009 -21.06418991 -26.58783722]
[-22.68581009 -21.06418991 -26.58783722]
[-22.68581009 -21.06418991 -26.58783722]
[-22.68581009 -21.06418991 -26.58783722]
[-22.68581009 -21.06418991 -26.58783722]
[-22.68581009 -21.06418991 -26.58783722]
[-22.68581009 -21.06418991 -26.58783722]
[-22.68581009 -21.06418991 -26.58783722]
[-22.68581009 -21.06418991 -26.58783722]
[-22.68581009 -21.06418991 -26.58783722]
[-22.68581009 -21.06418991 -26.58783722]
[-22.68581009 -21.06418991 -26.58783722]
[-22.68581009 -21.06418991 -26.58783722]
[-22.68581009 -21.06418991 -26.58783722]
[-22.68581009 -21.06418991 -26.58783722]
[-22.68581009 -21.06418991 -26.58783722]
[-22.68581009 -21.06418991 -26.58783722]
[-22.68581009 -21.06418991 -26.58783722]
[-22.68581009 -21.06418991 -26.58783722]
[-22.68581009 -21.06418991 -26.58783722]
[-22.68581009 -21.06418991 -26.58783722]
[-22.68581009 -21.06418991 -26.58783722]
[-22.68581009 -21.06418991 -26.58783722]
[-22.68581009 -21.06418991 -26.58783722]
[-22.68581009 -21.06418991 -26.58783722]
[-22.68581009 -21.06418991 -26.58783722]
[-22.68581009 -21.06418991 -26.58783722]
[-22.68581009 -21.06418991 -26.58783722]
[-22.68581009 -21.06418991 -26.58783722]
[-22.68581009 -21.06418991 -26.58783722]
[-22.68581009 -21.06418991 -26.58783722]
[-22.68581009 -21.06418991 -26.58783722]
[-22.68581009 -21.06418991 -26.58783722]
[-22.68581009 -21.06418991 -26.58783722]
[-22.68581009 -21.06418991 -26.58783722]
[-22.68581009 -21.06418991 -26.58783722]
[-22.68581009 -21.06418991 -26.58783722]
[-22.68581009 -21.06418991 -26.58783722]
[-22.68581009 -21.06418991 -26.58783722]
[-22.68581009 -21.06418991 -26.58783722]
[-22.68581009 -21.06418991 -26.58783722]
[-22.68581009 -21.06418991 -26.58783722]
[-22.68581009 -21.06418991 -26.58783722]
[-22.68581009 -21.06418991 -26.58783722]
[-22.68581009 -21.06418991 -26.58783722]
[-22.68581009 -21.06418991 -26.58783722]
[-22.68581009 -21.06418991 -26.58783722]
[-22.68581009 -21.06418991 -26.58783722]
[-22.68581009 -21.06418991 -26.58783722]
[-22.68581009 -21.06418991 -26.58783722]
[-22.68581009 -21.06418991 -26.58783722]
[-22.68581009 -21.06418991 -26.58783722]
[-22.68581009 -21.06418991 -26.58783722]
[-22.68581009 -21.06418991 -26.58783722]
[-22.68581009 -21.06418991 -26.58783722]
[-22.68581009 -21.06418991 -26.58783722]
[-22.68581009 -21.06418991 -26.58783722]
[-22.68581009 -21.06418991 -26.58783722]
[-22.68581009 -21.06418991 -26.58783722]
[-22.68581009 -21.06418991 -26.58783722]
[-22.68581009 -21.06418991 -26.58783722]
[-22.68581009 -21.06418991 -26.58783722]
[-22.68581009 -21.06418991 -26.58783722]
[-22.68581009 -21.06418991 -26.58783722]
[-22.68581009 -21.06418991 -26.58783722]
[-22.68581009 -21.06418991 -26.58783722]
[-22.68581009 -21.06418991 -26.58783722]
[-22.68581009 -21.06418991 -26.58783722]
[-22.68581009 -21.06418991 -26.58783722]
[-22.68581009 -21.06418991 -26.58783722]
[-22.68581009 -21.06418991 -26.58783722]
[-22.68581009 -21.06418991 -26.58783722]
[-22.68581009 -21.06418991 -26.58783722]
[-22.68581009 -21.06418991 -26.58783722]
[-22.68581009 -21.06418991 -26.58783722]
[-22.68581009 -21.06418991 -26.58783722]
[-22.68581009 -21.06418991 -26.58783722]
[-22.68581009 -21.06418991 -26.58783722]
[-22.68581009 -21.06418991 -26.58783722]
[-22.68581009 -21.06418991 -26.58783722]
[-22.68581009 -21.06418991 -26.58783722]
[-22.68581009 -21.06418991 -26.58783722]
[-22.68581009 -21.06418991 -26.58783722]
[-22.68581009 -21.06418991 -26.58783722]
[-22.68581009 -21.06418991 -26.58783722]
[-22.68581009 -21.06418991 -26.58783722]
[-22.68581009 -21.06418991 -26.58783722]
[-22.68581009 -21.06418991 -26.58783722]
[-22.68581009 -21.06418991 -26.58783722]
[-22.68581009 -21.06418991 -26.58783722]
[-22.68581009 -21.06418991 -26.58783722]
[-22.68581009 -21.06418991 -26.58783722]
[-22.68581009 -21.06418991 -26.58783722]
[-22.68581009 -21.06418991 -26.58783722]
[-22.68581009 -21.06418991 -26.58783722]
[-22.68581009 -21.06418991 -26.58783722]
[-22.68581009 -21.06418991 -26.58783722]
[-22.68581009 -21.06418991 -26.58783722]
[-22.68581009 -21.06418991 -26.58783722]
[-22.68581009 -21.06418991 -26.58783722]
[-22.68581009 -21.06418991 -26.58783722]
[-22.68581009 -21.06418991 -26.58783722]
[-22.68581009 -21.06418991 -26.58783722]
[-22.68581009 -21.06418991 -26.58783722]
[-22.68581009 -21.06418991 -26.58783722]
[-22.68581009 -21.06418991 -26.58783722]
[-22.68581009 -21.06418991 -26.58783722]
[-22.68581009 -21.06418991 -26.58783722]
[-22.68581009 -21.06418991 -26.58783722]
[-22.68581009 -21.06418991 -26.58783722]
[-22.68581009 -21.06418991 -26.58783722]
[-22.68581009 -21.06418991 -26.58783722]
[-22.68581009 -21.06418991 -26.58783722]
[-22.68581009 -21.06418991 -26.58783722]
[-22.68581009 -21.06418991 -26.58783722]
[-22.68581009 -21.06418991 -26.58783722]
[-22.68581009 -21.06418991 -26.58783722]
[-22.68581009 -21.06418991 -26.58783722]
[-22.68581009 -21.06418991 -26.58783722]
[-22.68581009 -21.06418991 -26.58783722]
[-50.85106277 -51.84397125 -51.98581696]
[-50.92198563 -51.9148941  -52.05673599]
[-50.92198563 -51.9148941  -52.05673599]
[-51.7730484  -51.84397125 -52.12765884]
[-51.70212555 -51.7730484  -52.05673599]
[-51.9148941  -51.98581696 -51.56028366]
[-51.98581696 -51.7730484  -51.7730484 ]
[-52.1985817  -51.9148941  -52.48226929]
[-51.27659607 -51.98581696 -51.98581696]
[-51.20567322 -51.7730484  -51.9148941 ]
[-51.98581696 -51.7730484  -51.48936081]
[-51.84397125 -51.7730484  -51.7730484 ]
[-51.84397125 -51.84397125 -51.56028366]
[-50.92198563 -51.9148941  -52.05673599]
[-50.92198563 -51.9148941  -52.05673599]
[-51.27659607 -52.26950455 -52.34042358]
[-51.70212555 -51.48936081 -51.63120651]
[-51.20567322 -51.63120651 -52.34042358]
[-52.05673599 -51.06382751 -51.20567322]
[-51.98581696 -51.48936081 -52.1985817 ]
[-51.34751892 -51.98581696 -52.34042358]
[-51.48936081 -51.70212555 -52.05673599]
[-51.13475037 -51.63120651 -51.63120651]
[-50.99290848 -51.63120651 -51.56028366]
[-51.7730484  -52.12765884 -52.83687973]
[-52.05673599 -51.34751892 -53.04964447]
[-51.34751892 -52.26950455 -52.26950455]
[-51.48936081 -51.98581696 -51.84397125]
[-51.63120651 -51.70212555 -52.12765884]
[-51.7730484  -51.48936081 -51.56028366]
[-51.98581696 -51.48936081 -52.1985817 ]
[-50.70922089 -51.70212555 -51.7730484 ]
[-51.7730484  -51.70212555 -51.56028366]
[-51.13475037 -51.34751892 -51.63120651]
[-51.70212555 -51.48936081 -51.70212555]
[-51.98581696 -51.63120651 -51.70212555]
[-51.9148941  -52.12765884 -52.62411499]
[-51.13475037 -52.05673599 -52.62411499]
[-51.98581696 -51.84397125 -52.1985817 ]
[-51.34751892 -51.84397125 -52.41134644]
[-51.7730484  -51.20567322 -52.12765884]
[-51.56028366 -51.20567322 -51.7730484 ]
[-51.06382751 -51.27659607 -52.26950455]
[-51.48936081 -51.41844177 -52.34042358]
[-52.12765884 -51.63120651 -51.34751892]
[-51.41844177 -51.56028366 -52.34042358]
[-51.41844177 -51.7730484  -52.26950455]
[-51.48936081 -51.41844177 -52.1985817 ]
[-51.06382751 -52.12765884 -52.97872162]
[-51.98581696 -51.41844177 -52.62411499]
[-51.48936081 -51.9148941  -53.19149017]
[-51.48936081 -51.98581696 -52.41134644]
[-51.63120651 -51.27659607 -52.12765884]
[-51.34751892 -51.34751892 -52.05673599]
[-51.41844177 -50.92198563 -51.70212555]
[-51.20567322 -51.41844177 -51.7730484 ]
[-51.63120651 -51.63120651 -52.48226929]
[-51.63120651 -51.84397125 -51.9148941 ]
[-52.41134644 -51.9148941  -52.55319214]
[-51.06382751 -51.9148941  -52.62411499]
[-51.9148941  -51.84397125 -53.19149017]
[-51.84397125 -52.05673599 -52.41134644]
[-51.41844177 -52.05673599 -52.1985817 ]
[-51.63120651 -51.63120651 -52.26950455]
[-51.34751892 -51.27659607 -52.1985817 ]
[-51.48936081 -50.99290848 -51.34751892]
[-50.56737518 -52.05673599 -51.9148941 ]
[-51.06382751 -51.20567322 -52.05673599]
[-51.06382751 -51.41844177 -52.55319214]
[-52.05673599 -51.63120651 -52.76595688]
[-51.48936081 -51.41844177 -52.1985817 ]
[-51.34751892 -52.05673599 -52.97872162]
[-51.70212555 -52.26950455 -52.12765884]
[-51.7730484  -51.84397125 -52.76595688]
[-51.84397125 -51.9148941  -52.05673599]
[-52.12765884 -51.06382751 -51.70212555]
[-51.7730484  -51.13475037 -51.9148941 ]
[-50.78014374 -51.48936081 -52.55319214]
[-51.20567322 -51.41844177 -51.7730484 ]
[-51.41844177 -51.84397125 -51.70212555]
[-51.20567322 -51.56028366 -52.12765884]
[-51.34751892 -51.9148941  -52.12765884]
[-51.84397125 -52.12765884 -52.55319214]
[-51.9148941  -52.05673599 -52.76595688]
[-51.34751892 -51.63120651 -53.12056732]
[-51.34751892 -51.20567322 -52.90780258]
[-50.99290848 -50.49645233 -52.26950455]
[-51.41844177 -50.78014374 -52.1985817 ]
[-51.34751892 -50.92198563 -51.56028366]
[-50.92198563 -51.63120651 -51.56028366]
[-50.85106277 -51.48936081 -52.83687973]
[-51.41844177 -51.56028366 -52.41134644]
[-52.34042358 -51.98581696 -52.76595688]
[-52.26950455 -51.98581696 -52.90780258]
[-51.7730484  -52.1985817  -52.83687973]
[-51.98581696 -52.1985817  -51.9148941 ]
[-51.34751892 -52.05673599 -52.12765884]
[-51.63120651 -51.63120651 -52.26950455]
[-51.34751892 -51.13475037 -52.26950455]
[-50.99290848 -51.20567322 -51.63120651]
[-50.70922089 -51.70212555 -51.7730484 ]
[-50.78014374 -51.7730484  -51.7730484 ]
[-51.06382751 -51.41844177 -52.55319214]
[-51.84397125 -51.63120651 -52.1985817 ]
[-51.7730484  -51.84397125 -52.41134644]
[-51.34751892 -52.05673599 -52.97872162]
[-51.70212555 -52.26950455 -52.12765884]
[-51.48936081 -51.9148941  -52.83687973]
[-51.48936081 -52.05673599 -51.9148941 ]
[-51.98581696 -50.92198563 -52.12765884]
[-51.27659607 -50.92198563 -52.48226929]
[-50.78014374 -51.20567322 -51.84397125]
[-51.20567322 -51.41844177 -51.7730484 ]
[-51.20567322 -51.7730484  -52.05673599]
[-51.41844177 -51.56028366 -52.41134644]
[-51.56028366 -52.12765884 -52.41134644]
[-51.70212555 -51.70212555 -52.34042358]
[-51.06382751 -52.76595688 -52.41134644]
[-51.41844177 -51.7730484  -52.69503403]
[-51.34751892 -51.20567322 -52.90780258]
[-50.99290848 -50.49645233 -52.26950455]
[-51.63120651 -50.85106277 -52.26950455]
[-51.13475037 -51.34751892 -51.20567322]
[-51.20567322 -51.34751892 -51.48936081]
[-51.20567322 -51.7730484  -52.05673599]
[-51.13475037 -51.41844177 -52.55319214]
[-52.26950455 -51.98581696 -52.34042358]
[-52.1985817  -52.05673599 -53.12056732]
[-51.41844177 -52.55319214 -52.90780258]
[-52.05673599 -52.05673599 -51.98581696]
[-51.20567322 -51.9148941  -52.69503403]
[-51.63120651 -51.63120651 -52.26950455]
[-51.34751892 -51.13475037 -52.26950455]
[-50.99290848 -51.20567322 -51.63120651]
[-50.92198563 -51.56028366 -51.41844177]
[-51.41844177 -51.34751892 -52.12765884]
[-50.85106277 -51.56028366 -52.76595688]
[-51.48936081 -51.41844177 -52.05673599]
[-51.98581696 -51.63120651 -52.76595688]
[-51.41844177 -52.05673599 -52.90780258]
[-52.12765884 -51.70212555 -52.97872162]
[-51.84397125 -52.05673599 -52.41134644]
[-51.41844177 -52.05673599 -52.1985817 ]
[-51.56028366 -51.70212555 -52.26950455]
[-51.70212555 -51.27659607 -52.1985817 ]
[-51.06382751 -51.06382751 -51.56028366]
[-51.34751892 -50.99290848 -52.1985817 ]
[-51.48936081 -51.56028366 -51.63120651]
[-50.92198563 -51.70212555 -52.41134644]
[-51.84397125 -51.63120651 -52.1985817 ]
[-51.41844177 -51.27659607 -51.84397125]
[-51.84397125 -52.12765884 -53.19149017]
[-51.41844177 -52.05673599 -52.62411499]
[-51.34751892 -51.63120651 -53.12056732]
[-51.41844177 -51.9148941  -53.12056732]
[-51.98581696 -51.63120651 -51.9148941 ]
[-51.63120651 -51.06382751 -52.26950455]
[-51.06382751 -51.20567322 -51.48936081]
[-51.48936081 -51.41844177 -52.34042358]
[-51.27659607 -51.84397125 -52.05673599]
[-51.27659607 -51.48936081 -52.1985817 ]
[-51.98581696 -51.7730484  -51.7730484 ]
[-51.7730484  -51.84397125 -52.41134644]
[-50.78014374 -52.76595688 -52.76595688]
[-51.98581696 -51.84397125 -52.26950455]
[-50.99290848 -52.05673599 -52.62411499]
[-51.63120651 -51.20567322 -52.55319214]
[-51.34751892 -51.13475037 -52.26950455]
[-50.99290848 -51.20567322 -51.63120651]
[-50.70922089 -51.70212555 -51.7730484 ]
[-51.56028366 -51.13475037 -51.98581696]
[-50.85106277 -51.56028366 -52.76595688]
[-51.70212555 -51.56028366 -51.98581696]
[-51.98581696 -51.63120651 -52.76595688]
[-51.41844177 -52.05673599 -52.90780258]
[-52.05673599 -51.41844177 -52.76595688]
[-51.84397125 -52.05673599 -52.41134644]
[-51.34751892 -52.05673599 -52.12765884]
[-51.63120651 -51.63120651 -52.26950455]
[-51.70212555 -51.27659607 -52.1985817 ]
[-51.06382751 -51.06382751 -51.56028366]
[-50.70922089 -51.70212555 -51.7730484 ]
[-51.48936081 -51.56028366 -51.63120651]
[-50.92198563 -51.70212555 -52.41134644]
[-51.63120651 -51.70212555 -51.84397125]
[-51.7730484  -51.84397125 -52.41134644]
[-51.34751892 -52.05673599 -52.97872162]
[-52.05673599 -52.05673599 -51.98581696]
[-51.34751892 -51.9148941  -52.69503403]
[-51.63120651 -51.63120651 -52.26950455]
[-51.63120651 -51.06382751 -52.69503403]
[-51.27659607 -51.27659607 -51.27659607]
[-51.34751892 -50.99290848 -52.1985817 ]
[-51.48936081 -51.56028366 -51.63120651]
[-50.92198563 -51.70212555 -52.41134644]
[-51.63120651 -51.70212555 -51.84397125]
[-51.7730484  -51.84397125 -52.41134644]
[-51.34751892 -52.05673599 -52.97872162]
[-52.05673599 -52.05673599 -51.98581696]
[-50.92198563 -51.84397125 -52.41134644]
[-51.63120651 -51.63120651 -52.26950455]
[-51.34751892 -51.13475037 -52.26950455]
[-51.27659607 -51.27659607 -51.27659607]
[-50.70922089 -51.70212555 -51.7730484 ]
[-51.70212555 -51.41844177 -51.9148941 ]
[-50.92198563 -51.70212555 -52.41134644]
[-51.34751892 -51.48936081 -51.7730484 ]
[-51.7730484  -51.84397125 -52.41134644]
[-51.34751892 -52.05673599 -52.97872162]
[-51.70212555 -52.26950455 -52.12765884]
[-51.48936081 -51.9148941  -52.83687973]
[-51.34751892 -52.05673599 -52.12765884]
[-52.05673599 -51.06382751 -51.63120651]
[-51.27659607 -50.92198563 -52.48226929]
[-51.06382751 -51.20567322 -51.48936081]
[-51.20567322 -51.41844177 -51.7730484 ]
[-50.63829803 -52.12765884 -52.12765884]
[-51.41844177 -51.56028366 -52.41134644]
[-51.84397125 -51.63120651 -52.1985817 ]
[-51.7730484  -51.84397125 -52.41134644]
[-51.34751892 -52.05673599 -52.97872162]
[-51.41844177 -51.7730484  -52.69503403]
[-51.70212555 -51.9148941  -52.69503403]
[-51.48936081 -50.99290848 -52.34042358]
[-51.63120651 -50.85106277 -52.26950455]
[-50.92198563 -51.13475037 -52.12765884]
[-51.41844177 -50.92198563 -51.98581696]
[-51.27659607 -51.84397125 -52.05673599]
[-50.78014374 -51.34751892 -52.69503403]
[-52.12765884 -51.7730484  -52.12765884]
[-51.63120651 -51.63120651 -52.48226929]
[-51.27659607 -52.90780258 -52.48226929]
[-51.63120651 -51.98581696 -52.05673599]
[-51.63120651 -51.84397125 -51.98581696]
[-51.34751892 -51.06382751 -52.83687973]
[-51.27659607 -50.21276474 -51.9148941 ]
[-51.34751892 -50.70922089 -52.48226929]
[-51.63120651 -51.27659607 -51.41844177]
[-51.7730484  -51.34751892 -51.7730484 ]
[-50.56737518 -51.7730484  -52.48226929]
[-50.         -51.27659607 -51.98581696]
[-51.63120651 -51.9148941  -52.05673599]
[-52.12765884 -52.41134644 -52.48226929]
[-50.42553329 -52.76595688 -52.69503403]
[-50.78014374 -52.1985817  -52.1985817 ]
[-50.78014374 -50.42553329 -52.1985817 ]
[-50.92198563 -50.63829803 -52.34042358]
[-50.56737518 -49.8581543  -52.1985817 ]
[-51.41844177 -50.56737518 -52.34042358]
[-51.34751892 -51.41844177 -51.84397125]
[-51.41844177 -51.84397125 -51.84397125]
[-49.8581543  -51.63120651 -52.05673599]
[-50.49645233 -51.63120651 -51.56028366]
[-51.56028366 -52.26950455 -52.26950455]
[-51.84397125 -52.26950455 -52.34042358]
[-50.42553329 -52.76595688 -52.69503403]
[-51.27659607 -51.98581696 -52.55319214]
[-50.85106277 -50.49645233 -52.34042358]
[-51.20567322 -50.28368759 -52.34042358]
[-51.34751892 -50.07092285 -52.41134644]
[-51.56028366 -50.99290848 -52.1985817 ]
[-51.48936081 -50.92198563 -51.48936081]
[-50.99290848 -51.9148941  -51.98581696]
[-49.92907715 -51.34751892 -51.34751892]
[-50.63829803 -51.34751892 -51.56028366]
[-51.34751892 -51.84397125 -52.34042358]
[-52.12765884 -52.41134644 -52.48226929]
[-50.28368759 -52.76595688 -52.76595688]
[-50.56737518 -52.05673599 -51.70212555]
[-49.92907715 -50.42553329 -51.41844177]
[-50.78014374 -50.21276474 -52.05673599]
[-50.63829803 -50.1418457  -51.84397125]
[-50.07092285 -49.8581543  -51.98581696]
[-51.48936081 -51.06382751 -53.19149017]
[-51.41844177 -51.48936081 -52.1985817 ]
[-50.35461044 -51.84397125 -51.27659607]
[-50.1418457  -50.92198563 -51.63120651]
[-50.92198563 -50.99290848 -51.48936081]
[-51.56028366 -51.48936081 -51.70212555]
[-51.48936081 -52.12765884 -51.9148941 ]
[-51.41844177 -51.9148941  -51.98581696]
[-49.57446671 -50.92198563 -51.98581696]
[-50.49645233 -49.71631241 -51.7730484 ]
[-50.99290848 -50.         -51.98581696]
[-50.63829803 -50.1418457  -51.84397125]
[-50.99290848 -49.8581543  -52.12765884]
[-50.85106277 -50.56737518 -52.1985817 ]
[-50.85106277 -51.9148941  -52.12765884]
[-50.28368759 -51.34751892 -51.27659607]
[-50.         -50.35461044 -51.56028366]
[-50.70922089 -50.56737518 -51.9148941 ]
[-51.9148941  -51.70212555 -51.41844177]
[-51.27659607 -52.05673599 -52.05673599]
[-50.85106277 -52.1985817  -52.26950455]
[-50.28368759 -50.56737518 -51.98581696]
[-50.49645233 -49.71631241 -51.7730484 ]
[-50.78014374 -49.78723526 -51.48936081]
[-50.         -50.1418457  -51.20567322]
[-50.70922089 -49.92907715 -52.05673599]
[-51.48936081 -50.56737518 -52.26950455]
[-51.06382751 -52.12765884 -52.55319214]
[-50.21276474 -51.27659607 -50.92198563]
[-50.49645233 -50.56737518 -51.41844177]
[-50.78014374 -50.99290848 -52.05673599]
[-51.56028366 -52.55319214 -51.63120651]
[-50.70922089 -52.62411499 -52.55319214]
[-50.63829803 -51.7730484  -51.7730484 ]
[-50.         -50.49645233 -51.27659607]
[-50.56737518 -49.50354767 -52.05673599]
[-50.70922089 -49.50354767 -51.48936081]
[-49.71631241 -49.50354767 -51.20567322]
[-50.70922089 -49.64538956 -52.34042358]
[-51.27659607 -50.92198563 -52.26950455]
[-50.21276474 -51.34751892 -51.34751892]
[-49.92907715 -50.42553329 -50.78014374]
[-50.49645233 -50.56737518 -51.41844177]
[-50.70922089 -50.56737518 -51.9148941 ]
[-51.34751892 -51.27659607 -51.84397125]
[-51.48936081 -52.41134644 -51.98581696]
[-50.85106277 -52.1985817  -52.26950455]
[-49.64538956 -50.63829803 -52.05673599]
[-50.42553329 -49.64538956 -51.63120651]
[-51.06382751 -50.1418457  -51.9148941 ]
[-50.35461044 -49.50354767 -51.48936081]
[-50.21276474 -49.78723526 -51.7730484 ]
[-51.13475037 -50.85106277 -52.55319214]
[-51.20567322 -52.1985817  -52.48226929]
[-50.21276474 -51.34751892 -51.06382751]
[-49.8581543  -50.         -51.06382751]
[-50.85106277 -50.92198563 -51.27659607]
[-50.99290848 -50.63829803 -51.34751892]
[-51.34751892 -51.70212555 -51.27659607]
[-51.13475037 -52.62411499 -52.83687973]
[-49.50354767 -51.48936081 -52.26950455]
[-50.         -49.8581543  -51.13475037]
[-50.92198563 -49.92907715 -52.1985817 ]
[-50.42553329 -49.57446671 -51.56028366]
[-49.71631241 -49.50354767 -51.20567322]
[-51.34751892 -50.63829803 -52.26950455]
[-51.56028366 -51.20567322 -52.1985817 ]
[-50.         -52.12765884 -51.56028366]
[-49.92907715 -50.42553329 -50.78014374]
[-50.63829803 -50.78014374 -51.34751892]
[-50.56737518 -50.56737518 -51.56028366]
[-51.20567322 -51.63120651 -51.34751892]
[-50.99290848 -52.55319214 -52.05673599]
[-50.63829803 -51.7730484  -51.7730484 ]
[-50.         -49.50354767 -51.13475037]
[-50.42553329 -49.43262482 -52.1985817 ]
[-50.56737518 -49.43262482 -51.70212555]
[-49.64538956 -49.07801437 -51.13475037]
[-49.8581543  -49.78723526 -51.34751892]
[-51.13475037 -50.99290848 -52.34042358]
[-50.99290848 -51.9148941  -52.26950455]
[-49.92907715 -50.35461044 -50.63829803]
[-49.64538956 -49.57446671 -51.56028366]
[-50.56737518 -49.8581543  -50.99290848]
[-50.99290848 -50.63829803 -51.34751892]
[-50.92198563 -51.13475037 -51.34751892]
[-51.41844177 -52.48226929 -52.34042358]
[-49.57446671 -51.41844177 -51.9148941 ]
[-49.57446671 -49.64538956 -51.13475037]
[-50.42553329 -49.43262482 -52.1985817 ]
[-51.06382751 -49.71631241 -52.12765884]
[-49.92907715 -49.50354767 -51.34751892]
[-49.43262482 -48.93617249 -51.34751892]
[-51.20567322 -50.21276474 -52.05673599]
[-51.20567322 -52.1985817  -52.48226929]
[-49.8581543  -50.42553329 -50.49645233]
[-49.57446671 -49.21985626 -51.06382751]
[-50.1418457  -49.92907715 -51.20567322]
[-50.63829803 -50.49645233 -51.27659607]
[-50.49645233 -50.07092285 -51.06382751]
[-52.12765884 -51.9148941  -51.70212555]
[-50.21276474 -52.48226929 -52.48226929]
[-49.78723526 -51.27659607 -51.7730484 ]
[-50.         -49.8581543  -51.13475037]
[-50.92198563 -49.50354767 -52.34042358]
[-50.35461044 -49.57446671 -51.56028366]
[-49.29077911 -49.00709152 -51.27659607]
[-51.27659607 -50.28368759 -52.55319214]
[-51.56028366 -50.70922089 -52.26950455]
[-50.21276474 -51.63120651 -51.20567322]
[-49.92907715 -50.35461044 -50.63829803]
[-49.8581543  -49.64538956 -51.27659607]
[-50.28368759 -50.         -51.13475037]
[-50.49645233 -50.49645233 -51.20567322]
[-51.70212555 -52.34042358 -51.63120651]
[-50.21276474 -52.48226929 -52.48226929]
[-49.64538956 -50.63829803 -51.70212555]
[-50.07092285 -49.50354767 -51.56028366]
[-50.92198563 -49.50354767 -52.34042358]
[-50.35461044 -49.57446671 -51.56028366]
[-49.43262482 -49.36170197 -51.34751892]
[-50.99290848 -49.71631241 -52.41134644]
[-51.9148941  -51.20567322 -52.55319214]
[-50.21276474 -51.63120651 -51.20567322]
[-49.92907715 -50.42553329 -50.78014374]
[-50.1418457  -49.8581543  -51.06382751]
[-50.07092285 -49.50354767 -51.56028366]
[-50.49645233 -50.07092285 -51.06382751]
[-51.98581696 -52.26950455 -51.70212555]
[-51.63120651 -51.98581696 -52.1985817 ]
[-49.64538956 -50.63829803 -52.05673599]
[-50.         -49.8581543  -51.13475037]
[-50.70922089 -49.64538956 -52.41134644]
[-50.         -49.14893723 -51.9148941 ]
[-49.71631241 -49.50354767 -51.20567322]
[-50.56737518 -50.         -52.05673599]
[-51.06382751 -51.20567322 -51.9148941 ]
[-50.1418457  -51.70212555 -51.27659607]
[-49.92907715 -50.42553329 -50.78014374]
[-50.21276474 -50.28368759 -51.63120651]
[-51.13475037 -50.63829803 -51.56028366]
[-50.70922089 -51.27659607 -51.20567322]
[-51.9148941  -52.41134644 -52.69503403]
[-50.70922089 -51.98581696 -51.84397125]
[-50.         -50.1418457  -51.27659607]
[-50.07092285 -49.64538956 -51.84397125]
[-50.85106277 -49.71631241 -52.41134644]
[-50.         -49.21985626 -51.27659607]
[-49.8581543  -49.36170197 -51.27659607]
[-50.78014374 -49.92907715 -52.41134644]
[-50.         -51.56028366 -51.70212555]
[-49.78723526 -50.92198563 -50.99290848]
[-49.78723526 -49.8581543  -50.70922089]
[-50.28368759 -49.71631241 -51.41844177]
[-50.56737518 -49.57446671 -51.27659607]
[-50.92198563 -51.27659607 -51.27659607]
[-50.78014374 -52.41134644 -52.1985817 ]
[-50.99290848 -52.48226929 -51.84397125]
[-49.43262482 -50.35461044 -51.48936081]
[-50.         -50.28368759 -51.13475037]
[-50.35461044 -49.50354767 -52.05673599]
[-50.70922089 -49.71631241 -51.56028366]
[-49.71631241 -49.36170197 -50.92198563]
[-49.64538956 -49.00709152 -51.13475037]
[-51.13475037 -50.99290848 -52.34042358]
[-50.70922089 -51.48936081 -51.48936081]
[-49.43262482 -50.35461044 -50.70922089]
[-49.8581543  -50.         -51.06382751]
[-50.92198563 -50.         -51.34751892]
[-50.49645233 -49.8581543  -51.63120651]
[-50.28368759 -50.49645233 -50.99290848]
[-50.92198563 -52.48226929 -51.70212555]
[-50.92198563 -52.12765884 -52.34042358]
[-49.57446671 -49.64538956 -51.13475037]
[-49.92907715 -50.         -51.56028366]
[-50.56737518 -49.29077911 -52.1985817 ]
[-50.92198563 -49.64538956 -51.56028366]
[-50.21276474 -49.71631241 -50.85106277]
[-49.50354767 -49.36170197 -51.06382751]
[-50.07092285 -49.21985626 -51.84397125]
[-51.48936081 -51.98581696 -52.55319214]
[-49.8581543  -50.42553329 -50.49645233]
[-49.71631241 -50.07092285 -50.35461044]
[-50.1418457  -50.07092285 -51.63120651]
[-50.78014374 -49.92907715 -51.34751892]
[-50.49645233 -50.28368759 -50.70922089]
[-50.63829803 -50.99290848 -51.20567322]
[-50.78014374 -52.1985817  -52.12765884]
[-49.8581543  -51.9148941  -52.26950455]
[-49.64538956 -49.36170197 -51.56028366]
[-50.21276474 -49.8581543  -51.9148941 ]
[-50.99290848 -49.50354767 -51.9148941 ]
[-50.85106277 -50.28368759 -50.99290848]
[-49.92907715 -49.78723526 -50.99290848]
[-50.70922089 -50.1418457  -52.12765884]
[-50.49645233 -50.28368759 -52.55319214]
[-50.21276474 -51.48936081 -51.98581696]
[-50.07092285 -51.48936081 -51.41844177]
[-49.92907715 -50.35461044 -51.13475037]
[-49.71631241 -50.49645233 -51.9148941 ]
[-50.1418457  -49.8581543  -51.41844177]
[-51.70212555 -52.34042358 -51.63120651]
[-49.36170197 -51.7730484  -52.41134644]
[-49.71631241 -51.20567322 -51.63120651]
[-50.07092285 -49.50354767 -51.56028366]
[-50.92198563 -49.36170197 -52.55319214]
[-50.07092285 -49.29077911 -51.9148941 ]
[-50.07092285 -49.43262482 -51.7730484 ]
[-49.50354767 -49.21985626 -51.41844177]
[-51.27659607 -50.99290848 -52.34042358]
[-50.35461044 -51.7730484  -52.12765884]
[-49.43262482 -50.35461044 -50.70922089]
[-49.92907715 -50.28368759 -51.41844177]
[-50.49645233 -50.1418457  -51.41844177]
[-50.85106277 -50.1418457  -51.63120651]
[-50.42553329 -50.99290848 -51.20567322]
[-50.1418457  -52.41134644 -52.1985817 ]
[-50.92198563 -52.26950455 -53.04964447]
[-49.92907715 -49.92907715 -51.48936081]
[-50.         -48.86524963 -52.12765884]
[-50.63829803 -49.07801437 -52.48226929]
[-50.07092285 -49.21985626 -51.70212555]
[-50.35461044 -50.42553329 -51.41844177]
[-50.35461044 -50.49645233 -50.99290848]
[-50.56737518 -51.41844177 -50.78014374]
[-50.78014374 -50.78014374 -51.41844177]
[-26.44781113 -20.9764328  -20.75757599]
[-20.53871918 -33.23232269 -29.5117836 ]
[-26.44781113 -20.9764328  -20.75757599]
[-26.44781113 -20.9764328  -20.75757599]
[-20.53871918 -33.23232269 -29.5117836 ]
[-26.44781113 -20.9764328  -20.75757599]
[-22.28956223 -25.57239151 -24.69696808]
[-25.79124451 -22.28956223 -23.38383865]
[-22.72727203 -21.63299561 -23.16498184]
[-22.72727203 -21.63299561 -23.16498184]
[-20.75757599 -25.3535347  -24.47811508]
[-26.66666794 -24.91582489 -25.79124451]
[-26.66666794 -24.91582489 -25.79124451]
[-25.79124451 -31.48147964 -29.94949341]
[-27.32323074 -21.1952858  -24.25925827]
[-22.72727203 -33.23232269 -27.32323074]
[-27.10437775 -20.31986618 -23.82154846]
[-27.10437775 -20.31986618 -23.82154846]
[-22.72727203 -21.63299561 -23.16498184]
[-33.0134697  -36.51515198 -32.13804626]
[-22.28956223 -35.85858536 -31.91919327]
[-25.79124451 -22.28956223 -23.38383865]
[-25.79124451 -22.28956223 -23.38383865]
[-25.79124451 -22.28956223 -23.38383865]
[-25.79124451 -22.28956223 -23.38383865]
[-25.79124451 -22.28956223 -23.38383865]
[-22.28956223 -25.57239151 -24.69696808]
[-35.42087555 -45.4882164  -27.76094437]
[-20.75757599 -25.3535347  -24.47811508]
[-20.75757599 -25.3535347  -24.47811508]
[-24.25925827 -29.2929306  -25.1346817 ]
[-31.91919327 -41.98653412 -38.04713821]
[-33.23232269 -43.51851654 -41.5488205 ]
[-33.23232269 -43.51851654 -41.5488205 ]
[-33.23232269 -43.51851654 -41.5488205 ]
[-31.91919327 -35.85858536 -37.1717186 ]
[-31.48147964 -34.10774231 -38.04713821]
[-34.76430893 -40.01683426 -39.14141464]
[-25.79124451 -31.48147964 -29.94949341]
[-21.63299561 -34.10774231 -27.97979736]
[-22.72727203 -21.63299561 -23.16498184]
[-21.63299561 -34.10774231 -27.97979736]
[-22.72727203 -21.63299561 -23.16498184]
[-22.72727203 -21.63299561 -23.16498184]
[-20.75757599 -25.3535347  -24.47811508]
[-22.72727203 -21.63299561 -23.16498184]
[-20.75757599 -25.3535347  -24.47811508]
[-22.72727203 -21.63299561 -23.16498184]
[-26.66666794 -24.91582489 -25.79124451]
[-26.66666794 -24.91582489 -25.79124451]
[-21.63299561 -34.10774231 -27.97979736]
[-27.32323074 -21.1952858  -24.25925827]
[-27.32323074 -21.1952858  -24.25925827]
[-22.72727203 -33.23232269 -27.32323074]
[-27.10437775 -20.31986618 -23.82154846]
[-22.72727203 -21.63299561 -23.16498184]
[-22.72727203 -21.63299561 -23.16498184]
[-22.72727203 -21.63299561 -23.16498184]
[-20.75757599 -25.3535347  -24.47811508]
[-25.79124451 -22.28956223 -23.38383865]
[-20.75757599 -25.3535347  -24.47811508]
[-22.72727203 -21.63299561 -23.16498184]
[-20.75757599 -25.3535347  -24.47811508]
[-22.72727203 -21.63299561 -23.16498184]
[-26.66666794 -24.91582489 -25.79124451]
[-26.66666794 -24.91582489 -25.79124451]
[-22.72727203 -33.23232269 -27.32323074]
[-27.32323074 -21.1952858  -24.25925827]
[-27.10437775 -20.31986618 -23.82154846]
[-27.10437775 -20.31986618 -23.82154846]
[-27.10437775 -20.31986618 -23.82154846]
[-27.10437775 -20.31986618 -23.82154846]
[-25.79124451 -22.28956223 -23.38383865]
[-25.79124451 -22.28956223 -23.38383865]
[-25.79124451 -22.28956223 -23.38383865]
[-25.79124451 -22.28956223 -23.38383865]
[-22.28956223 -25.57239151 -24.69696808]
[-25.79124451 -22.28956223 -23.38383865]
[-20.75757599 -25.3535347  -24.47811508]
[-35.42087555 -45.4882164  -27.76094437]
[-20.75757599 -25.3535347  -24.47811508]
[-26.66666794 -24.91582489 -25.79124451]
[-29.07407379 -26.66666794 -26.44781113]
[-22.72727203 -33.23232269 -27.32323074]
[-28.85521698 -31.48147964 -25.3535347 ]
[-26.88552094 -32.79461288 -29.07407379]
[-29.5117836  -32.57575607 -21.85185242]
[-26.44781113 -20.9764328  -20.75757599]
[-31.26262665 -36.95286179 -35.85858536]
[-25.79124451 -22.28956223 -23.38383865]
[-25.79124451 -22.28956223 -23.38383865]
[-29.5117836  -32.13804626 -27.76094437]
[-27.32323074 -33.4511795  -27.76094437]
[-27.32323074 -33.4511795  -27.76094437]
[-22.28956223 -25.57239151 -24.69696808]
[-41.98653412 -45.92592621 -32.13804626]
[-26.66666794 -24.91582489 -25.79124451]
[-29.07407379 -26.66666794 -26.44781113]
[-26.88552094 -32.79461288 -29.07407379]
[-28.85521698 -31.48147964 -25.3535347 ]
[-26.88552094 -32.79461288 -29.07407379]
[-29.5117836  -32.57575607 -21.85185242]
[-29.5117836  -32.57575607 -21.85185242]
[-31.26262665 -36.95286179 -35.85858536]
[-25.79124451 -22.28956223 -23.38383865]
[-29.5117836  -32.13804626 -27.76094437]
[-37.8282814  -36.51515198 -37.1717186 ]
[-29.07407379 -35.42087555 -33.0134697 ]
[-27.32323074 -33.4511795  -27.76094437]
[-27.32323074 -33.4511795  -27.76094437]
[-40.45454407 -47.02020264 -35.63973236]
[-20.75757599 -25.3535347  -24.47811508]
[-26.66666794 -24.91582489 -25.79124451]
[-29.07407379 -26.66666794 -26.44781113]
[-25.1346817  -28.41750717 -29.73064041]
[-27.76094437 -25.79124451 -27.54208755]
[-27.76094437 -30.60606003 -26.88552094]
[-33.23232269 -37.1717186  -32.79461288]
[-34.10774231 -36.95286179 -34.10774231]
[-31.26262665 -36.95286179 -35.85858536]
[-43.08081055 -48.98989868 -40.67340088]
[-29.5117836  -32.13804626 -27.76094437]
[-37.8282814  -36.51515198 -37.1717186 ]
[-30.82491684 -28.63636398 -34.54545593]
[-29.2929306  -24.47811508 -31.26262665]
[-43.51851654 -38.70370483 -39.36026764]
[-30.16835022 -26.88552094 -28.41750717]
[-27.76094437 -26.44781113 -26.44781113]
[-39.57912445 -45.92592621 -33.23232269]
[-28.85521698 -31.48147964 -25.3535347 ]
[-28.85521698 -31.48147964 -25.3535347 ]
[-28.85521698 -31.48147964 -25.3535347 ]
[-41.98653412 -40.89225769 -38.48484802]
[-43.73737335 -42.86195374 -39.14141464]
[-31.91919327 -32.35690308 -35.20201874]
[-37.8282814  -38.70370483 -36.51515198]
[-39.36026764 -45.26935959 -37.8282814 ]
[-28.63636398 -28.63636398 -27.76094437]
[-34.98316574 -30.82491684 -38.48484802]
[-40.45454407 -33.4511795  -41.11111069]
[-40.23569107 -32.35690308 -40.45454407]
[-29.2929306  -24.47811508 -31.26262665]
[-30.16835022 -26.88552094 -28.41750717]
[-40.45454407 -47.02020264 -35.63973236]
[-23.60269547 -20.9764328  -22.94612885]
[-28.85521698 -31.48147964 -25.3535347 ]
[-28.85521698 -31.48147964 -25.3535347 ]
[-41.5488205  -41.5488205  -36.07744217]
[-40.45454407 -39.79798126 -35.42087555]
[-43.73737335 -42.86195374 -39.14141464]
[-34.10774231 -36.95286179 -34.10774231]
[-37.8282814  -38.70370483 -36.51515198]
[-39.79798126 -44.17508698 -40.23569107]
[-42.42424011 -44.17508698 -40.01683426]
[-40.23569107 -44.39393997 -44.39393997]
[-40.23569107 -44.39393997 -44.39393997]
[-36.73400497 -41.76767731 -41.11111069]
[-36.73400497 -41.76767731 -41.11111069]
[-23.60269547 -31.04376984 -27.32323074]
[-26.66666794 -24.91582489 -25.79124451]
[-43.08081055 -47.67676544 -42.42424011]
[-34.54545593 -36.95286179 -35.63973236]
[-39.14141464 -35.85858536 -33.88888931]
[-40.45454407 -39.79798126 -35.42087555]
[-43.29966354 -43.08081055 -37.39057159]
[-43.73737335 -42.86195374 -39.14141464]
[-40.23569107 -40.45454407 -42.64309692]
[-39.36026764 -45.26935959 -37.8282814 ]
[-38.48484802 -36.95286179 -39.36026764]
[-41.11111069 -40.23569107 -41.32996368]
[-38.70370483 -37.39057159 -41.32996368]
[-42.20538712 -40.89225769 -40.23569107]
[-41.98653412 -39.79798126 -40.89225769]
[-43.29966354 -39.14141464 -42.64309692]
[-44.17508698 -46.14478302 -43.73737335]
[-40.67340088 -41.5488205  -42.86195374]
[-42.20538712 -38.48484802 -34.10774231]
[-43.73737335 -44.17508698 -35.42087555]
[-40.67340088 -40.01683426 -33.0134697 ]
[-42.42424011 -43.73737335 -39.57912445]
[-33.0134697  -39.14141464 -34.32659912]
[-41.11111069 -50.08417511 -42.64309692]
[-40.01683426 -46.36363602 -41.98653412]
[-35.42087555 -36.95286179 -36.07744217]
[-36.07744217 -38.48484802 -36.73400497]
[-40.45454407 -42.86195374 -40.23569107]
[-44.39393997 -44.83164978 -43.29966354]
[-41.32996368 -40.23569107 -44.61279297]
[-42.64309692 -46.80134583 -45.7070694 ]
[-44.39393997 -43.08081055 -47.89562225]
[-41.32996368 -37.39057159 -34.98316574]
[-40.45454407 -38.04713821 -34.76430893]
[-35.20201874 -34.32659912 -31.70033646]
[-38.04713821 -46.36363602 -27.97979736]
[-37.1717186  -43.95623016 -29.2929306 ]
[-27.54208755 -31.91919327 -25.57239151]
[-24.04040527 -33.23232269 -29.2929306 ]
[-32.35690308 -38.26599121 -33.6700325 ]
[-27.10437775 -20.31986618 -23.82154846]
[-22.72727203 -21.63299561 -23.16498184]
[-33.0134697  -36.51515198 -32.13804626]
[-22.28956223 -35.85858536 -31.91919327]
[-25.79124451 -22.28956223 -23.38383865]
[-25.79124451 -22.28956223 -23.38383865]
[-25.79124451 -22.28956223 -23.38383865]
[-25.79124451 -22.28956223 -23.38383865]
[-22.28956223 -25.57239151 -24.69696808]
[-35.42087555 -45.4882164  -27.76094437]
[-20.75757599 -25.3535347  -24.47811508]
[-26.66666794 -24.91582489 -25.79124451]
[-26.66666794 -24.91582489 -25.79124451]
[-29.07407379 -26.66666794 -26.44781113]
[-22.72727203 -33.23232269 -27.32323074]
[-22.72727203 -33.23232269 -27.32323074]
[-27.10437775 -20.31986618 -23.82154846]
[-27.10437775 -20.31986618 -23.82154846]
[-22.72727203 -21.63299561 -23.16498184]
[-22.72727203 -21.63299561 -23.16498184]
[-22.72727203 -21.63299561 -23.16498184]
[-29.07407379 -35.42087555 -33.0134697 ]
[-22.28956223 -25.57239151 -24.69696808]
[-25.79124451 -22.28956223 -23.38383865]
[-20.75757599 -25.3535347  -24.47811508]
[-20.75757599 -25.3535347  -24.47811508]
[-42.86195374 -39.57912445 -31.70033646]
[-26.66666794 -24.91582489 -25.79124451]
[-24.04040527 -33.23232269 -29.2929306 ]
[-27.32323074 -21.1952858  -24.25925827]
[-28.85521698 -31.48147964 -25.3535347 ]
[-26.88552094 -32.79461288 -29.07407379]
[-29.5117836  -32.57575607 -21.85185242]
[-31.26262665 -36.95286179 -35.85858536]
[-26.44781113 -20.9764328  -20.75757599]
[-25.79124451 -22.28956223 -23.38383865]
[-25.79124451 -22.28956223 -23.38383865]
[-29.5117836  -32.13804626 -27.76094437]
[-30.82491684 -28.63636398 -34.54545593]
[-30.16835022 -26.88552094 -28.41750717]
[-30.16835022 -26.88552094 -28.41750717]
[-27.76094437 -26.44781113 -26.44781113]
[-23.60269547 -20.9764328  -22.94612885]
[-36.29629517 -45.05050659 -28.85521698]
[-27.32323074 -21.1952858  -24.25925827]
[-27.10437775 -20.31986618 -23.82154846]
[-27.54208755 -31.91919327 -25.57239151]
[-24.04040527 -33.23232269 -29.2929306 ]
[-27.10437775 -20.31986618 -23.82154846]
[-27.10437775 -20.31986618 -23.82154846]
[-33.0134697  -36.51515198 -32.13804626]
[-22.28956223 -35.85858536 -31.91919327]
[-34.54545593 -38.04713821 -36.29629517]
[-25.79124451 -22.28956223 -23.38383865]
[-29.5117836  -32.13804626 -27.76094437]
[-27.32323074 -33.4511795  -27.76094437]
[-22.28956223 -25.57239151 -24.69696808]
[-20.75757599 -25.3535347  -24.47811508]
[-35.42087555 -45.4882164  -27.76094437]
[-26.66666794 -24.91582489 -25.79124451]
[-29.07407379 -26.66666794 -26.44781113]
[-22.72727203 -33.23232269 -27.32323074]
[-26.88552094 -32.79461288 -29.07407379]
[-29.2929306  -34.32659912 -25.79124451]
[-29.2929306  -34.32659912 -25.79124451]
[-32.35690308 -38.26599121 -33.6700325 ]
[-26.44781113 -20.9764328  -20.75757599]
[-34.54545593 -38.04713821 -36.29629517]
[-25.79124451 -22.28956223 -23.38383865]
[-29.5117836  -32.13804626 -27.76094437]
[-29.07407379 -35.42087555 -33.0134697 ]
[-27.32323074 -33.4511795  -27.76094437]
[-22.28956223 -25.57239151 -24.69696808]
[-41.98653412 -45.92592621 -32.13804626]
[-20.75757599 -25.3535347  -24.47811508]
[-27.32323074 -21.1952858  -24.25925827]
[-29.07407379 -26.66666794 -26.44781113]
[-24.04040527 -33.23232269 -29.2929306 ]
[-28.85521698 -31.48147964 -25.3535347 ]
[-26.88552094 -32.79461288 -29.07407379]
[-29.2929306  -34.32659912 -25.79124451]
[-32.35690308 -38.26599121 -33.6700325 ]
[-27.10437775 -20.31986618 -23.82154846]
[-22.72727203 -21.63299561 -23.16498184]
[-24.69696808 -32.13804626 -26.44781113]
[-24.69696808 -32.13804626 -26.44781113]
[-36.51515198 -43.08081055 -41.32996368]
[-36.73400497 -41.76767731 -41.11111069]
[-23.60269547 -31.04376984 -27.32323074]
[-23.82154846 -22.28956223 -27.76094437]
[-26.66666794 -24.91582489 -25.79124451]
[-35.63973236 -42.20538712 -38.04713821]
[-27.76094437 -25.79124451 -27.54208755]
[-28.85521698 -31.48147964 -25.3535347 ]
[-40.45454407 -39.79798126 -35.42087555]
[-43.73737335 -42.86195374 -39.14141464]
[-43.73737335 -42.86195374 -39.14141464]
[-31.91919327 -32.35690308 -35.20201874]
[-44.17508698 -47.89562225 -41.32996368]
[-45.26935959 -46.58248901 -43.95623016]
[-29.2929306  -25.1346817  -31.48147964]
[-38.70370483 -37.39057159 -41.32996368]
[-39.79798126 -36.73400497 -38.70370483]
[-29.2929306  -24.47811508 -31.26262665]
[-27.32323074 -33.4511795  -27.76094437]
[-40.45454407 -47.02020264 -35.63973236]
[-27.32323074 -21.1952858  -24.25925827]
[-28.85521698 -31.48147964 -25.3535347 ]
[-41.5488205  -41.5488205  -36.07744217]
[-40.45454407 -39.79798126 -35.42087555]
[-40.45454407 -39.79798126 -35.42087555]
[-43.73737335 -42.86195374 -39.14141464]
[-43.73737335 -42.86195374 -39.14141464]
[-40.23569107 -40.45454407 -42.64309692]
[-39.79798126 -44.17508698 -40.23569107]
[-44.39393997 -45.92592621 -37.8282814 ]
[-40.23569107 -44.39393997 -44.39393997]
[-42.20538712 -45.7070694  -43.51851654]
[-42.42424011 -44.61279297 -42.64309692]
[-36.73400497 -41.76767731 -41.11111069]
[-34.98316574 -35.20201874 -39.14141464]
[-41.11111069 -40.89225769 -40.23569107]
[-34.54545593 -36.95286179 -35.63973236]
[-43.29966354 -44.61279297 -40.67340088]
[-45.4882164  -42.86195374 -37.8282814 ]
[-45.4882164  -42.86195374 -37.8282814 ]
[-47.89562225 -45.92592621 -41.98653412]
[-47.67676544 -46.58248901 -43.29966354]
[-43.73737335 -45.4882164  -44.83164978]
[-39.79798126 -44.17508698 -40.23569107]
[-43.73737335 -45.26935959 -41.11111069]
[-45.92592621 -48.33333588 -45.4882164 ]
[-46.58248901 -46.58248901 -43.29966354]
[-44.83164978 -44.17508698 -42.86195374]
[-42.42424011 -41.5488205  -44.61279297]
[-46.36363602 -47.67676544 -48.55218887]
[-40.01683426 -41.98653412 -42.86195374]
[-42.42424011 -41.5488205  -40.67340088]
[-46.36363602 -47.89562225 -42.42424011]
[-43.29966354 -46.80134583 -43.51851654]
[-43.51851654 -50.74073792 -45.4882164 ]
[-42.64309692 -46.80134583 -45.92592621]
[-45.05050659 -46.36363602 -47.45791245]
[-41.32996368 -44.61279297 -42.42424011]
[-41.5488205  -45.05050659 -41.11111069]
[-41.98653412 -43.95623016 -42.20538712]
[-49.8653183  -48.33333588 -45.4882164 ]
[-44.39393997 -45.7070694  -47.23905945]
[-42.64309692 -41.76767731 -40.89225769]
[-42.42424011 -44.17508698 -40.45454407]
[-42.64309692 -45.4882164  -45.4882164 ]
[-45.4882164  -48.55218887 -49.42760849]
[-48.33333588 -50.08417511 -49.42760849]
[-47.23905945 -46.36363602 -50.08417511]
[-45.05050659 -41.76767731 -43.51851654]
[-41.76767731 -38.26599121 -40.89225769]
[-40.45454407 -41.11111069 -39.14141464]
[-43.29966354 -45.26935959 -42.86195374]
[-44.83164978 -47.02020264 -44.39393997]
[-48.77104187 -51.17845154 -46.80134583]
[-41.5488205  -43.08081055 -38.26599121]
[-44.17508698 -45.26935959 -40.23569107]
[-43.08081055 -43.95623016 -41.32996368]
[-43.95623016 -44.83164978 -44.39393997]
[-51.17845154 -53.14814758 -50.95959473]
[-47.67676544 -47.67676544 -45.05050659]
[-47.23905945 -44.17508698 -47.02020264]
[-45.05050659 -44.83164978 -43.95623016]
[-46.14478302 -43.51851654 -37.8282814 ]
[-51.83501434 -48.98989868 -47.02020264]
[-52.49158478 -51.61616135 -49.42760849]
[-40.23569107 -43.08081055 -41.5488205 ]
[-44.61279297 -46.36363602 -44.39393997]
[-43.73737335 -45.26935959 -43.29966354]
[-44.39393997 -44.39393997 -43.51851654]
[-46.36363602 -48.55218887 -48.11447906]
[-46.58248901 -47.45791245 -47.45791245]
[-45.4882164  -44.83164978 -47.02020264]
[-43.95623016 -41.11111069 -45.26935959]
[-42.86195374 -42.42424011 -43.08081055]
[-44.83164978 -44.39393997 -41.11111069]
[-46.14478302 -44.17508698 -40.67340088]
[-53.36700439 -55.77441025 -51.61616135]
[-47.89562225 -48.98989868 -47.45791245]
[-43.08081055 -45.4882164  -42.20538712]
[-43.08081055 -48.11447906 -41.11111069]
[-46.14478302 -51.39730835 -47.67676544]
[-46.14478302 -46.58248901 -44.61279297]
[-46.14478302 -47.89562225 -46.80134583]
[-53.36700439 -53.36700439 -55.11784363]
[-49.42760849 -48.77104187 -50.95959473]
[-45.7070694  -43.51851654 -48.33333588]
[-44.83164978 -44.61279297 -46.36363602]
[-47.45791245 -47.02020264 -45.92592621]
[-48.11447906 -49.8653183  -46.36363602]
[-50.95959473 -51.61616135 -47.02020264]
[-48.77104187 -49.6464653  -45.26935959]
[-52.92929077 -57.08754349 -52.27272797]
[-42.42424011 -48.11447906 -43.51851654]
[-44.17508698 -48.98989868 -46.58248901]
[-47.67676544 -50.74073792 -50.74073792]
[-47.02020264 -47.67676544 -47.89562225]
[-48.77104187 -46.80134583 -49.8653183 ]
[-48.55218887 -47.23905945 -50.08417511]
[-47.67676544 -46.36363602 -49.6464653 ]
[-47.23905945 -47.23905945 -48.55218887]
[-48.77104187 -48.33333588 -47.89562225]
[-48.33333588 -50.30303192 -45.92592621]
[-48.98989868 -49.8653183  -44.61279297]
[-55.33670044 -57.5252533  -54.89899063]
[-47.23905945 -53.36700439 -47.02020264]
[-48.77104187 -52.71043777 -47.89562225]
[-46.58248901 -49.6464653  -46.14478302]
[-47.45791245 -52.27272797 -46.36363602]
[-48.11447906 -51.83501434 -49.42760849]
[-47.23905945 -50.08417511 -51.39730835]
[-48.33333588 -46.80134583 -48.77104187]
[-45.26935959 -45.7070694  -46.80134583]
[-46.36363602 -47.23905945 -50.52188492]
[-48.11447906 -47.67676544 -50.95959473]
[-47.89562225 -47.89562225 -49.42760849]
[-48.55218887 -49.42760849 -49.42760849]
[-49.6464653  -50.30303192 -48.77104187]
[-51.17845154 -51.17845154 -47.23905945]
[-50.52188492 -52.49158478 -48.11447906]
[-55.77441025 -56.21212006 -54.0235672 ]
[-48.11447906 -50.74073792 -45.4882164 ]
[-48.33333588 -52.27272797 -47.02020264]
[-47.45791245 -51.61616135 -48.33333588]
[-47.67676544 -50.52188492 -48.11447906]
[-48.33333588 -51.39730835 -48.33333588]
[-48.77104187 -50.95959473 -49.8653183 ]
[-50.95959473 -53.14814758 -52.92929077]
[-48.77104187 -51.83501434 -52.71043777]
[-49.42760849 -49.20875549 -50.95959473]
[-45.4882164  -44.83164978 -47.89562225]
[-48.33333588 -48.55218887 -51.61616135]
[-50.52188492 -50.30303192 -53.8047142 ]
[-50.08417511 -47.89562225 -51.61616135]
[-48.77104187 -48.98989868 -51.61616135]
[-49.42760849 -51.61616135 -50.74073792]
[-48.77104187 -51.39730835 -50.30303192]
[-49.6464653  -50.74073792 -48.98989868]
[-48.55218887 -49.8653183  -46.58248901]
[-48.98989868 -48.11447906 -45.26935959]
[-51.83501434 -54.24242401 -50.52188492]
[-54.0235672  -53.8047142  -50.30303192]
[-53.36700439 -53.8047142  -50.74073792]
[-46.58248901 -52.27272797 -45.7070694 ]
[-49.8653183  -52.49158478 -48.98989868]
[-50.30303192 -51.17845154 -48.55218887]
[-48.11447906 -48.33333588 -47.67676544]
[-49.20875549 -49.20875549 -50.08417511]
[-49.20875549 -50.30303192 -50.52188492]
[-49.42760849 -49.8653183  -49.42760849]
[-48.77104187 -49.20875549 -47.89562225]
[-51.83501434 -53.14814758 -50.08417511]
[-52.71043777 -54.46128082 -52.92929077]
[-49.8653183  -51.83501434 -45.92592621]
[-50.30303192 -52.27272797 -49.20875549]
[-48.98989868 -54.0235672  -49.8653183 ]
[-49.42760849 -54.0235672  -50.52188492]
[-48.33333588 -50.95959473 -45.7070694 ]
[-38.20895386 -37.76119232 -37.0149231 ]
[-37.68656921 -36.86566925 -36.56716156]
[-37.31343079 -37.68656921 -36.26865387]
[-37.38806152 -36.86566925 -36.26865387]
[-38.13433075 -37.68656921 -36.41790771]
[-38.65671539 -37.53731537 -36.56716156]
[-39.55223846 -38.3582077  -37.91044617]
[-39.85074615 -38.95522308 -38.43283844]
[-39.55223846 -38.65671539 -38.05970001]
[-38.80596924 -39.25373077 -37.9850769 ]
[-38.43283844 -38.65671539 -37.91044617]
[-37.68656921 -37.53731537 -36.41790771]
[-37.38806152 -36.86566925 -35.74626923]
[-37.38806152 -36.86566925 -35.74626923]
[-36.86566925 -36.34328461 -35.89552307]
[-38.20895386 -37.61193848 -36.11940384]
[-37.9850769 -38.3582077 -37.0149231]
[-38.28358459 -37.9850769  -37.83582306]
[-39.02985001 -38.05970001 -37.38806152]
[-38.80596924 -37.91044617 -37.08955383]
[-37.91044617 -37.91044617 -38.58209229]
[-38.58209229 -38.80596924 -38.58209229]
[-37.91044617 -38.65671539 -38.88059616]
[-38.05970001 -38.65671539 -39.10447693]
[-38.80596924 -38.95522308 -38.28358459]
[-38.58209229 -39.92537308 -37.68656921]
[-38.58209229 -38.73134613 -37.31343079]
[-38.88059616 -37.68656921 -38.3582077 ]
[-37.31343079 -37.68656921 -37.46268463]
[-37.61193848 -38.73134613 -37.0149231 ]
[-38.73134613 -39.25373077 -37.91044617]
[-38.50746155 -39.85074615 -38.95522308]
[-40.07462692 -40.97014999 -40.        ]
[-39.3283577  -38.88059616 -39.40298462]
[-38.28358459 -38.80596924 -38.88059616]
[-38.28358459 -38.80596924 -38.43283844]
[-39.02985001 -39.25373077 -38.05970001]
[-39.02985001 -38.88059616 -37.08955383]
[-38.50746155 -38.3582077  -37.38806152]
[-38.88059616 -38.43283844 -36.71641541]
[-38.3582077  -38.13433075 -37.46268463]
[-37.46268463 -36.94029999 -35.74626923]
[-38.3582077  -38.3582077  -37.53731537]
[-37.53731537 -38.20895386 -37.61193848]
[-38.73134613 -39.25373077 -38.65671539]
[-39.77611923 -38.50746155 -37.83582306]
[-37.76119232 -38.58209229 -38.28358459]
[-38.20895386 -38.20895386 -37.38806152]
[-38.80596924 -38.20895386 -37.83582306]
[-38.73134613 -38.20895386 -36.26865387]
[-37.16417694 -38.3582077  -36.71641541]
[-37.53731537 -37.53731537 -35.89552307]
[-37.38806152 -37.31343079 -35.22388077]
[-37.53731537 -37.0149231  -36.11940384]
[-37.91044617 -38.20895386 -37.68656921]
[-37.38806152 -38.3582077  -37.53731537]
[-38.65671539 -38.80596924 -38.88059616]
[-39.70149231 -38.58209229 -38.13433075]
[-37.46268463 -38.20895386 -36.56716156]
[-37.61193848 -36.26865387 -36.94029999]
[-38.50746155 -37.83582306 -38.05970001]
[-38.20895386 -37.31343079 -37.23880768]
[-38.05970001 -38.50746155 -36.56716156]
[-37.53731537 -38.43283844 -35.52238846]
[-37.83582306 -37.23880768 -34.62686539]
[-37.08955383 -36.26865387 -34.92537308]
[-36.94029999 -37.46268463 -36.56716156]
[-36.79104614 -37.83582306 -36.56716156]
[-37.53731537 -38.3582077  -36.71641541]
[-40.14925385 -39.77611923 -39.70149231]
[-37.68656921 -38.95522308 -38.20895386]
[-37.23880768 -37.31343079 -36.71641541]
[-37.68656921 -36.71641541 -37.0149231 ]
[-38.3582077  -37.31343079 -38.28358459]
[-37.83582306 -37.16417694 -36.94029999]
[-37.38806152 -38.13433075 -35.89552307]
[-37.31343079 -37.53731537 -35.52238846]
[-37.61193848 -37.23880768 -34.47761154]
[-37.08955383 -36.6417923  -35.44776154]
[-37.23880768 -37.76119232 -36.79104614]
[-36.41790771 -37.61193848 -36.56716156]
[-37.08955383 -38.13433075 -37.83582306]
[-38.50746155 -37.9850769  -37.9850769 ]
[-36.79104614 -38.28358459 -36.71641541]
[-37.61193848 -36.26865387 -36.34328461]
[-39.10447693 -37.08955383 -38.05970001]
[-37.61193848 -36.6417923  -37.08955383]
[-36.94029999 -36.41790771 -35.6716423 ]
[-36.79104614 -38.73134613 -35.97014999]
[-37.0149231  -37.83582306 -33.95522308]
[-36.11940384 -35.37313461 -32.46268463]
[-35.97014999 -35.97014999 -34.62686539]
[-35.6716423  -36.11940384 -35.74626923]
[-36.04477692 -37.53731537 -35.89552307]
[-36.19403076 -37.23880768 -36.56716156]
[-37.9850769  -38.95522308 -39.17910385]
[-35.29850769 -37.76119232 -36.26865387]
[-36.26865387 -36.41790771 -35.07462692]
[-36.56716156 -36.56716156 -34.62686539]
[-36.79104614 -37.08955383 -35.89552307]
[-34.85074615 -35.6716423  -34.85074615]
[-36.94029999 -35.97014999 -35.59701538]
[-36.94029999 -37.16417694 -35.07462692]
[-36.41790771 -35.37313461 -33.43283844]
[-34.62686539 -34.40298462 -32.46268463]
[-35.14925385 -35.22388077 -35.07462692]
[-35.82089615 -36.49253845 -36.86566925]
[-35.22388077 -36.56716156 -36.41790771]
[-35.37313461 -36.26865387 -35.97014999]
[-37.38806152 -37.83582306 -37.9850769 ]
[-36.49253845 -38.50746155 -37.08955383]
[-34.85074615 -36.71641541 -34.70149231]
[-36.11940384 -36.56716156 -34.10447693]
[-37.76119232 -36.71641541 -34.85074615]
[-35.6716423  -35.97014999 -34.55223846]
[-35.74626923 -35.         -35.        ]
[-37.38806152 -35.44776154 -36.6417923 ]
[-36.41790771 -35.89552307 -34.85074615]
[-35.97014999 -36.19403076 -33.58209229]
[-34.92537308 -35.22388077 -33.50746155]
[-34.77611923 -36.04477692 -34.92537308]
[-35.07462692 -35.97014999 -35.97014999]
[-35.6716423  -36.41790771 -35.89552307]
[-38.65671539 -37.31343079 -37.68656921]
[-36.26865387 -37.68656921 -37.0149231 ]
[-35.29850769 -37.08955383 -35.52238846]
[-36.26865387 -37.0149231  -35.07462692]
[-37.08955383 -36.56716156 -34.02985001]
[-36.19403076 -36.56716156 -35.07462692]
[-35.         -34.25373077 -34.25373077]
[-36.04477692 -34.70149231 -34.92537308]
[-35.44776154 -35.59701538 -34.85074615]
[-36.04477692 -34.85074615 -32.61193848]
[-34.10447693 -34.17910385 -32.23880768]
[-34.77611923 -35.29850769 -34.55223846]
[-35.59701538 -36.41790771 -36.49253845]
[-36.34328461 -37.08955383 -36.6417923 ]
[-35.97014999 -35.6716423  -36.04477692]
[-35.97014999 -37.08955383 -37.23880768]
[-37.16417694 -37.08955383 -37.16417694]
[-35.52238846 -36.19403076 -35.6716423 ]
[-35.29850769 -38.28358459 -35.59701538]
[-35.07462692 -36.79104614 -34.55223846]
[-37.31343079 -37.0149231  -34.17910385]
[-35.97014999 -35.97014999 -33.95522308]
[-35.89552307 -35.29850769 -34.70149231]
[-35.82089615 -35.14925385 -35.22388077]
[-36.11940384 -35.22388077 -35.14925385]
[-35.52238846 -34.3283577  -33.05970001]
[-34.70149231 -34.55223846 -32.31343079]
[-35.14925385 -35.97014999 -35.14925385]
[-37.46268463 -37.08955383 -37.0149231 ]
[-36.04477692 -37.16417694 -36.94029999]
[-35.89552307 -37.0149231  -36.79104614]
[-35.44776154 -35.74626923 -35.82089615]
[-36.04477692 -35.52238846 -34.85074615]
[-36.41790771 -38.3582077  -37.16417694]
[-36.11940384 -37.53731537 -36.49253845]
[-34.85074615 -35.74626923 -34.3283577 ]
[-36.71641541 -39.02985001 -36.86566925]
[-37.31343079 -39.17910385 -37.08955383]
[-38.28358459 -37.83582306 -36.04477692]
[-37.9850769  -37.23880768 -35.52238846]
[-36.34328461 -35.29850769 -34.77611923]
[-36.41790771 -34.85074615 -35.37313461]
[-36.11940384 -36.6417923  -35.14925385]
[-36.86566925 -35.37313461 -32.38806152]
[-34.85074615 -33.28358459 -32.61193848]
[-36.11940384 -35.82089615 -34.62686539]
[-36.6417923  -37.0149231  -36.19403076]
[-37.31343079 -37.16417694 -35.59701538]
[-35.97014999 -35.82089615 -34.62686539]
[-35.97014999 -34.47761154 -33.95522308]
[-33.28358459 -32.76119232 -32.16417694]
[-36.41790771 -36.34328461 -33.65671539]
[-36.11940384 -35.37313461 -32.31343079]
[-32.9850769  -31.56716347 -31.71641731]
[-34.47761154 -33.13433075 -33.3582077 ]
[-36.11940384 -35.14925385 -35.07462692]
[-36.79104614 -36.26865387 -34.70149231]
[-35.74626923 -36.19403076 -34.62686539]
[-36.34328461 -36.79104614 -34.02985001]
[-37.68656921 -36.11940384 -33.80596924]
[-36.79104614 -35.59701538 -34.3283577 ]
[-35.6716423  -34.25373077 -33.80596924]
[-36.04477692 -36.11940384 -35.07462692]
[-51.7857132  -41.68367386 -41.12244797]
[-42.04081726 -54.43877411 -45.20408249]
[-51.7857132  -41.68367386 -41.12244797]
[-51.7857132  -41.68367386 -41.12244797]
[-42.04081726 -54.43877411 -45.20408249]
[-51.7857132  -41.68367386 -41.12244797]
[-45.96938705 -41.12244797 -42.8571434 ]
[-51.17346954 -41.32653046 -42.90816498]
[-51.17346954 -41.32653046 -42.90816498]
[-51.17346954 -41.32653046 -42.90816498]
[-48.06122589 -42.24489975 -46.37754822]
[-42.70408249 -44.69387817 -45.86734772]
[-48.06122589 -42.24489975 -46.37754822]
[-48.06122589 -42.24489975 -46.37754822]
[-42.70408249 -44.69387817 -45.86734772]
[-48.06122589 -42.24489975 -46.37754822]
[-42.70408249 -44.69387817 -45.86734772]
[-48.06122589 -42.24489975 -46.37754822]
[-43.26530457 -58.31632614 -48.62245178]
[-48.06122589 -42.24489975 -46.37754822]
[-48.06122589 -42.24489975 -46.37754822]
[-43.26530457 -58.31632614 -48.62245178]
[-48.06122589 -42.24489975 -46.37754822]
[-48.06122589 -42.24489975 -46.37754822]
[-45.96938705 -41.12244797 -42.8571434 ]
[-45.96938705 -41.12244797 -42.8571434 ]
[-45.96938705 -41.12244797 -42.8571434 ]
[-46.7857132  -42.8571434  -41.07143021]
[-42.04081726 -54.43877411 -45.20408249]
[-51.7857132  -41.68367386 -41.12244797]
[-46.7857132  -42.8571434  -41.07143021]
[-46.7857132  -42.8571434  -41.07143021]
[-42.04081726 -54.43877411 -45.20408249]
[-51.7857132  -41.68367386 -41.12244797]
[-51.7857132  -41.68367386 -41.12244797]
[-51.7857132  -41.68367386 -41.12244797]
[-42.04081726 -54.43877411 -45.20408249]
[-51.7857132  -41.68367386 -41.12244797]
[-51.17346954 -41.32653046 -42.90816498]
[-51.17346954 -41.32653046 -42.90816498]
[-51.17346954 -41.32653046 -42.90816498]
[-51.17346954 -41.32653046 -42.90816498]
[-42.70408249 -44.69387817 -45.86734772]
[-48.06122589 -42.24489975 -46.37754822]
[-42.70408249 -44.69387817 -45.86734772]
[-48.06122589 -42.24489975 -46.37754822]
[-55.61224365 -57.29591751 -46.17346954]
[-43.67346954 -57.34693909 -47.65306091]
[-43.67346954 -57.34693909 -47.65306091]
[-51.32653046 -43.26530457 -45.51020432]
[-51.32653046 -43.26530457 -45.51020432]
[-51.32653046 -43.26530457 -45.51020432]
[-51.17346954 -41.32653046 -42.90816498]
[-51.17346954 -41.32653046 -42.90816498]
[-51.17346954 -41.32653046 -42.90816498]
[-51.17346954 -41.32653046 -42.90816498]
[-45.96938705 -41.12244797 -42.8571434 ]
[-45.96938705 -41.12244797 -42.8571434 ]
[-45.96938705 -41.12244797 -42.8571434 ]
[-45.96938705 -41.12244797 -42.8571434 ]
[-46.7857132  -42.8571434  -41.07143021]
[-46.7857132  -42.8571434  -41.07143021]
[-42.04081726 -54.43877411 -45.20408249]
[-51.7857132  -41.68367386 -41.12244797]
[-51.7857132  -41.68367386 -41.12244797]
[-51.7857132  -41.68367386 -41.12244797]
[-54.23469543 -58.36734772 -46.12245178]
[-54.23469543 -58.36734772 -46.12245178]
[-59.13265228 -62.29591751 -45.76530457]
[-59.13265228 -62.29591751 -45.76530457]
[-65.51020813 -65.         -45.3571434 ]
[-65.51020813 -65.         -45.3571434 ]
[-65.51020813 -65.         -45.3571434 ]
[-65.51020813 -65.         -45.3571434 ]
[-57.55101776 -53.7755127  -39.54081726]
[-57.55101776 -53.7755127  -39.54081726]
[-57.55101776 -53.7755127  -39.54081726]
[-46.7857132  -42.8571434  -41.07143021]
[-46.7857132  -42.8571434  -41.07143021]
[-46.7857132  -42.8571434  -41.07143021]
[-61.42857361 -58.06122589 -42.55102158]
[-60.96938705 -59.54081726 -42.34693909]
[-60.96938705 -59.54081726 -42.34693909]
[-51.7857132  -41.68367386 -41.12244797]
[-51.7857132  -41.68367386 -41.12244797]
[-57.39795685 -55.56122589 -39.94897842]
[-57.39795685 -55.56122589 -39.94897842]
[-57.5        -56.83673477 -42.09183502]
[-57.5        -56.83673477 -42.09183502]
[-67.19387817 -65.25510406 -47.19387817]
[-66.88775635 -63.67346954 -44.89795685]
[-66.88775635 -63.67346954 -44.89795685]
[-57.55101776 -53.7755127  -39.54081726]
[-57.55101776 -53.7755127  -39.54081726]
[-57.55101776 -53.7755127  -39.54081726]
[-51.7857132  -41.68367386 -41.12244797]
[-51.7857132  -41.68367386 -41.12244797]
[-51.7857132  -41.68367386 -41.12244797]
[-51.7857132  -41.68367386 -41.12244797]
[-54.23469543 -58.36734772 -46.12245178]
[-54.23469543 -58.36734772 -46.12245178]
[-54.23469543 -58.36734772 -46.12245178]
[-59.13265228 -62.29591751 -45.76530457]
[-59.13265228 -62.29591751 -45.76530457]
[-65.51020813 -65.         -45.3571434 ]
[-65.51020813 -65.         -45.3571434 ]
[-65.51020813 -65.         -45.3571434 ]
[-65.51020813 -65.         -45.3571434 ]
[-57.55101776 -53.7755127  -39.54081726]
[-57.55101776 -53.7755127  -39.54081726]
[-46.7857132  -42.8571434  -41.07143021]
[-46.7857132  -42.8571434  -41.07143021]
[-46.7857132  -42.8571434  -41.07143021]
[-61.42857361 -58.06122589 -42.55102158]
[-61.42857361 -58.06122589 -42.55102158]
[-60.96938705 -59.54081726 -42.34693909]
[-60.96938705 -59.54081726 -42.34693909]
[-51.7857132  -41.68367386 -41.12244797]
[-57.39795685 -55.56122589 -39.94897842]
[-57.39795685 -55.56122589 -39.94897842]
[-57.39795685 -55.56122589 -39.94897842]
[-57.5        -56.83673477 -42.09183502]
[-57.29591751 -54.59183502 -41.68367386]
[-67.19387817 -65.25510406 -47.19387817]
[-66.88775635 -63.67346954 -44.89795685]
[-66.88775635 -63.67346954 -44.89795685]
[-57.55101776 -53.7755127  -39.54081726]
[-57.55101776 -53.7755127  -39.54081726]
[-46.7857132  -42.8571434  -41.07143021]
[-51.7857132  -41.68367386 -41.12244797]
[-51.7857132  -41.68367386 -41.12244797]
[-51.7857132  -41.68367386 -41.12244797]
[-51.7857132  -41.68367386 -41.12244797]
[-54.23469543 -58.36734772 -46.12245178]
[-54.23469543 -58.36734772 -46.12245178]
[-59.13265228 -62.29591751 -45.76530457]
[-59.13265228 -62.29591751 -45.76530457]
[-66.53060913 -67.09183502 -50.61224365]
[-65.51020813 -65.         -45.3571434 ]
[-65.51020813 -65.         -45.3571434 ]
[-65.51020813 -65.         -45.3571434 ]
[-65.51020813 -65.         -45.3571434 ]
[-57.55101776 -53.7755127  -39.54081726]
[-57.55101776 -53.7755127  -39.54081726]
[-46.7857132  -42.8571434  -41.07143021]
[-46.7857132  -42.8571434  -41.07143021]
[-46.7857132  -42.8571434  -41.07143021]
[-61.42857361 -58.06122589 -42.55102158]
[-61.42857361 -58.06122589 -42.55102158]
[-60.96938705 -59.54081726 -42.34693909]
[-60.96938705 -59.54081726 -42.34693909]
[-51.7857132  -41.68367386 -41.12244797]
[-57.39795685 -55.56122589 -39.94897842]
[-57.39795685 -55.56122589 -39.94897842]
[-57.39795685 -55.56122589 -39.94897842]
[-57.5        -56.83673477 -42.09183502]
[-57.29591751 -54.59183502 -41.68367386]
[-66.88775635 -63.67346954 -44.89795685]
[-66.88775635 -63.67346954 -44.89795685]
[-57.55101776 -53.7755127  -39.54081726]
[-57.55101776 -53.7755127  -39.54081726]
[-57.55101776 -53.7755127  -39.54081726]
[-46.7857132  -42.8571434  -41.07143021]
[-51.7857132  -41.68367386 -41.12244797]
[-51.7857132  -41.68367386 -41.12244797]
[-51.7857132  -41.68367386 -41.12244797]
[-51.7857132  -41.68367386 -41.12244797]
[-54.23469543 -58.36734772 -46.12245178]
[-54.23469543 -58.36734772 -46.12245178]
[-59.13265228 -62.29591751 -45.76530457]
[-59.13265228 -62.29591751 -45.76530457]
[-66.53060913 -67.09183502 -50.61224365]
[-65.51020813 -65.         -45.3571434 ]
[-65.51020813 -65.         -45.3571434 ]
[-65.51020813 -65.         -45.3571434 ]
[-57.55101776 -53.7755127  -39.54081726]
[-57.55101776 -53.7755127  -39.54081726]
[-57.55101776 -53.7755127  -39.54081726]
[-46.7857132  -42.8571434  -41.07143021]
[-46.7857132  -42.8571434  -41.07143021]
[-46.7857132  -42.8571434  -41.07143021]
[-61.42857361 -58.06122589 -42.55102158]
[-61.42857361 -58.06122589 -42.55102158]
[-60.96938705 -59.54081726 -42.34693909]
[-60.96938705 -59.54081726 -42.34693909]
[-57.39795685 -55.56122589 -39.94897842]
[-57.39795685 -55.56122589 -39.94897842]
[-57.39795685 -55.56122589 -39.94897842]
[-57.39795685 -55.56122589 -39.94897842]
[-57.5        -56.83673477 -42.09183502]
[-67.19387817 -65.25510406 -47.19387817]
[-66.88775635 -63.67346954 -44.89795685]
[-57.55101776 -53.7755127  -39.54081726]
[-57.55101776 -53.7755127  -39.54081726]
[-57.55101776 -53.7755127  -39.54081726]
[-57.55101776 -53.7755127  -39.54081726]
[-46.7857132  -42.8571434  -41.07143021]
[-51.7857132  -41.68367386 -41.12244797]
[-51.7857132  -41.68367386 -41.12244797]
[-51.7857132  -41.68367386 -41.12244797]
[-51.7857132  -41.68367386 -41.12244797]
[-54.23469543 -58.36734772 -46.12245178]
[-54.23469543 -58.36734772 -46.12245178]
[-59.13265228 -62.29591751 -45.76530457]
[-59.13265228 -62.29591751 -45.76530457]
[-65.51020813 -65.         -45.3571434 ]
[-65.51020813 -65.         -45.3571434 ]
[-65.51020813 -65.         -45.3571434 ]
[-65.51020813 -65.         -45.3571434 ]
[-57.55101776 -53.7755127  -39.54081726]
[-57.55101776 -53.7755127  -39.54081726]
[-46.7857132  -42.8571434  -41.07143021]
[-46.7857132  -42.8571434  -41.07143021]
[-46.7857132  -42.8571434  -41.07143021]
[-46.7857132  -42.8571434  -41.07143021]
[-61.42857361 -58.06122589 -42.55102158]
[-60.96938705 -59.54081726 -42.34693909]
[-60.96938705 -59.54081726 -42.34693909]
[-51.7857132  -41.68367386 -41.12244797]
[-57.39795685 -55.56122589 -39.94897842]
[-57.39795685 -55.56122589 -39.94897842]
[-57.39795685 -55.56122589 -39.94897842]
[-57.5        -56.83673477 -42.09183502]
[-57.5        -56.83673477 -42.09183502]
[-67.19387817 -65.25510406 -47.19387817]
[-66.88775635 -63.67346954 -44.89795685]
[-57.55101776 -53.7755127  -39.54081726]
[-57.55101776 -53.7755127  -39.54081726]
[-57.55101776 -53.7755127  -39.54081726]
[-46.7857132  -42.8571434  -41.07143021]
[-60.96938705 -59.54081726 -42.34693909]
[-51.7857132  -41.68367386 -41.12244797]
[-51.7857132  -41.68367386 -41.12244797]
[-51.7857132  -41.68367386 -41.12244797]
[-54.23469543 -58.36734772 -46.12245178]
[-54.23469543 -58.36734772 -46.12245178]
[-59.13265228 -62.29591751 -45.76530457]
[-59.13265228 -62.29591751 -45.76530457]
[-66.53060913 -67.09183502 -50.61224365]
[-65.51020813 -65.         -45.3571434 ]
[-65.51020813 -65.         -45.3571434 ]
[-65.51020813 -65.         -45.3571434 ]
[-65.51020813 -65.         -45.3571434 ]
[-57.55101776 -53.7755127  -39.54081726]
[-57.55101776 -53.7755127  -39.54081726]
[-46.7857132  -42.8571434  -41.07143021]
[-46.7857132  -42.8571434  -41.07143021]
[-46.7857132  -42.8571434  -41.07143021]
[-46.7857132  -42.8571434  -41.07143021]
[-61.42857361 -58.06122589 -42.55102158]
[-60.96938705 -59.54081726 -42.34693909]
[-62.80612183 -64.33673096 -46.53061295]
[-59.13265228 -62.29591751 -45.76530457]
[-57.39795685 -55.56122589 -39.94897842]
[-57.39795685 -55.56122589 -39.94897842]
[-57.39795685 -55.56122589 -39.94897842]
[-57.5        -56.83673477 -42.09183502]
[-57.29591751 -54.59183502 -41.68367386]
[-57.29591751 -54.59183502 -41.68367386]
[-57.55101776 -53.7755127  -39.54081726]
[-57.55101776 -53.7755127  -39.54081726]
[-57.55101776 -53.7755127  -39.54081726]
[-57.55101776 -53.7755127  -39.54081726]
[-46.7857132  -42.8571434  -41.07143021]
[-60.96938705 -59.54081726 -42.34693909]
[-51.7857132  -41.68367386 -41.12244797]
[-51.7857132  -41.68367386 -41.12244797]
[-51.7857132  -41.68367386 -41.12244797]
[-54.23469543 -58.36734772 -46.12245178]
[-54.23469543 -58.36734772 -46.12245178]
[-59.13265228 -62.29591751 -45.76530457]
[-59.13265228 -62.29591751 -45.76530457]
[-66.53060913 -67.09183502 -50.61224365]
[-65.51020813 -65.         -45.3571434 ]
[-65.51020813 -65.         -45.3571434 ]
[-65.51020813 -65.         -45.3571434 ]
[-57.55101776 -53.7755127  -39.54081726]
[-57.55101776 -53.7755127  -39.54081726]
[-57.55101776 -53.7755127  -39.54081726]
[-46.7857132  -42.8571434  -41.07143021]
[-46.7857132  -42.8571434  -41.07143021]
[-46.7857132  -42.8571434  -41.07143021]
[-61.42857361 -58.06122589 -42.55102158]
[-61.42857361 -58.06122589 -42.55102158]
[-60.96938705 -59.54081726 -42.34693909]
[-62.80612183 -64.33673096 -46.53061295]
[-59.13265228 -62.29591751 -45.76530457]
[-57.39795685 -55.56122589 -39.94897842]
[-57.39795685 -55.56122589 -39.94897842]
[-57.39795685 -55.56122589 -39.94897842]
[-57.5        -56.83673477 -42.09183502]
[-57.29591751 -54.59183502 -41.68367386]
[-57.55101776 -53.7755127  -39.54081726]
[-57.55101776 -53.7755127  -39.54081726]
[-57.55101776 -53.7755127  -39.54081726]
[-57.55101776 -53.7755127  -39.54081726]
[-57.55101776 -53.7755127  -39.54081726]
[-61.42857361 -58.06122589 -42.55102158]
[-60.96938705 -59.54081726 -42.34693909]
[-51.7857132  -41.68367386 -41.12244797]
[-51.7857132  -41.68367386 -41.12244797]
[-51.7857132  -41.68367386 -41.12244797]
[-54.23469543 -58.36734772 -46.12245178]
[-54.23469543 -58.36734772 -46.12245178]
[-59.13265228 -62.29591751 -45.76530457]
[-59.13265228 -62.29591751 -45.76530457]
[-66.53060913 -67.09183502 -50.61224365]
[-65.51020813 -65.         -45.3571434 ]
[-65.51020813 -65.         -45.3571434 ]
[-65.51020813 -65.         -45.3571434 ]
[-57.55101776 -53.7755127  -39.54081726]
[-57.55101776 -53.7755127  -39.54081726]
[-46.7857132  -42.8571434  -41.07143021]
[-46.7857132  -42.8571434  -41.07143021]
[-46.7857132  -42.8571434  -41.07143021]
[-46.7857132  -42.8571434  -41.07143021]
[-61.42857361 -58.06122589 -42.55102158]
[-61.42857361 -58.06122589 -42.55102158]
[-62.80612183 -64.33673096 -46.53061295]
[-54.23469543 -58.36734772 -46.12245178]
[-59.13265228 -62.29591751 -45.76530457]
[-57.39795685 -55.56122589 -39.94897842]
[-57.39795685 -55.56122589 -39.94897842]
[-57.5        -56.83673477 -42.09183502]
[-57.5        -56.83673477 -42.09183502]
[-57.29591751 -54.59183502 -41.68367386]
[-57.55101776 -53.7755127  -39.54081726]
[-57.55101776 -53.7755127  -39.54081726]
[-57.55101776 -53.7755127  -39.54081726]
[-57.55101776 -53.7755127  -39.54081726]
[-46.7857132  -42.8571434  -41.07143021]
[-61.42857361 -58.06122589 -42.55102158]
[-60.96938705 -59.54081726 -42.34693909]
[-51.7857132  -41.68367386 -41.12244797]
[-51.7857132  -41.68367386 -41.12244797]
[-51.7857132  -41.68367386 -41.12244797]
[-54.23469543 -58.36734772 -46.12245178]
[-59.13265228 -62.29591751 -45.76530457]
[-59.13265228 -62.29591751 -45.76530457]
[-59.13265228 -62.29591751 -45.76530457]
[-65.51020813 -65.         -45.3571434 ]
[-65.51020813 -65.         -45.3571434 ]
[-65.51020813 -65.         -45.3571434 ]
[-66.88775635 -63.67346954 -44.89795685]
[-57.55101776 -53.7755127  -39.54081726]
[-57.55101776 -53.7755127  -39.54081726]
[-46.7857132  -42.8571434  -41.07143021]
[-46.7857132  -42.8571434  -41.07143021]
[-46.7857132  -42.8571434  -41.07143021]
[-46.7857132  -42.8571434  -41.07143021]
[-61.42857361 -58.06122589 -42.55102158]
[-62.80612183 -64.33673096 -46.53061295]
[-62.80612183 -64.33673096 -46.53061295]
[-59.13265228 -62.29591751 -45.76530457]
[-57.39795685 -55.56122589 -39.94897842]
[-57.39795685 -55.56122589 -39.94897842]
[-57.39795685 -55.56122589 -39.94897842]
[-57.5        -56.83673477 -42.09183502]
[-57.5        -56.83673477 -42.09183502]
[-57.29591751 -54.59183502 -41.68367386]
[-57.55101776 -53.7755127  -39.54081726]
[-57.55101776 -53.7755127  -39.54081726]
[-57.55101776 -53.7755127  -39.54081726]
[-57.55101776 -53.7755127  -39.54081726]
[-61.42857361 -58.06122589 -42.55102158]
[-61.42857361 -58.06122589 -42.55102158]
[-60.96938705 -59.54081726 -42.34693909]
[-51.7857132  -41.68367386 -41.12244797]
[-51.7857132  -41.68367386 -41.12244797]
[-54.23469543 -58.36734772 -46.12245178]
[-54.23469543 -58.36734772 -46.12245178]
[-59.13265228 -62.29591751 -45.76530457]
[-59.13265228 -62.29591751 -45.76530457]
[-66.53060913 -67.09183502 -50.61224365]
[-65.51020813 -65.         -45.3571434 ]
[-65.51020813 -65.         -45.3571434 ]
[-66.88775635 -63.67346954 -44.89795685]
[-66.88775635 -63.67346954 -44.89795685]
[-57.55101776 -53.7755127  -39.54081726]
[-57.55101776 -53.7755127  -39.54081726]
[-46.7857132  -42.8571434  -41.07143021]
[-46.7857132  -42.8571434  -41.07143021]
[-46.7857132  -42.8571434  -41.07143021]
[-46.7857132  -42.8571434  -41.07143021]
[-61.42857361 -58.06122589 -42.55102158]
[-62.80612183 -64.33673096 -46.53061295]
[-62.80612183 -64.33673096 -46.53061295]
[-59.13265228 -62.29591751 -45.76530457]
[-57.39795685 -55.56122589 -39.94897842]
[-57.39795685 -55.56122589 -39.94897842]
[-57.39795685 -55.56122589 -39.94897842]
[-57.5        -56.83673477 -42.09183502]
[-57.29591751 -54.59183502 -41.68367386]
[-57.29591751 -54.59183502 -41.68367386]
[-57.55101776 -53.7755127  -39.54081726]
[-57.55101776 -53.7755127  -39.54081726]
[-57.55101776 -53.7755127  -39.54081726]
[-57.55101776 -53.7755127  -39.54081726]
[-61.42857361 -58.06122589 -42.55102158]
[-60.96938705 -59.54081726 -42.34693909]
[-60.96938705 -59.54081726 -42.34693909]
[-51.7857132  -41.68367386 -41.12244797]
[-51.7857132  -41.68367386 -41.12244797]
[-54.23469543 -58.36734772 -46.12245178]
[-54.23469543 -58.36734772 -46.12245178]
[-59.13265228 -62.29591751 -45.76530457]
[-59.13265228 -62.29591751 -45.76530457]
[-66.53060913 -67.09183502 -50.61224365]
[-65.51020813 -65.         -45.3571434 ]
[-66.88775635 -63.67346954 -44.89795685]
[-66.88775635 -63.67346954 -44.89795685]
[-57.55101776 -53.7755127  -39.54081726]
[-57.55101776 -53.7755127  -39.54081726]
[-57.55101776 -53.7755127  -39.54081726]
[-46.7857132  -42.8571434  -41.07143021]
[-46.7857132  -42.8571434  -41.07143021]
[-46.7857132  -42.8571434  -41.07143021]
[-46.7857132  -42.8571434  -41.07143021]
[-61.42857361 -58.06122589 -42.55102158]
[-62.80612183 -64.33673096 -46.53061295]
[-54.23469543 -58.36734772 -46.12245178]
[-59.13265228 -62.29591751 -45.76530457]
[-57.39795685 -55.56122589 -39.94897842]
[-57.39795685 -55.56122589 -39.94897842]
[-57.39795685 -55.56122589 -39.94897842]
[-57.5        -56.83673477 -42.09183502]
[-57.29591751 -54.59183502 -41.68367386]
[-57.55101776 -53.7755127  -39.54081726]
[-57.55101776 -53.7755127  -39.54081726]
[-57.55101776 -53.7755127  -39.54081726]
[-57.55101776 -53.7755127  -39.54081726]
[-46.7857132  -42.8571434  -41.07143021]
[-61.42857361 -58.06122589 -42.55102158]
[-60.96938705 -59.54081726 -42.34693909]
[-60.96938705 -59.54081726 -42.34693909]
[-51.7857132  -41.68367386 -41.12244797]
[-51.7857132  -41.68367386 -41.12244797]
[-54.23469543 -58.36734772 -46.12245178]
[-54.23469543 -58.36734772 -46.12245178]
[-59.13265228 -62.29591751 -45.76530457]
[-59.13265228 -62.29591751 -45.76530457]
[-65.51020813 -65.         -45.3571434 ]
[-66.88775635 -63.67346954 -44.89795685]
[-66.88775635 -63.67346954 -44.89795685]
[-66.88775635 -63.67346954 -44.89795685]
[-57.55101776 -53.7755127  -39.54081726]
[-57.55101776 -53.7755127  -39.54081726]
[-46.7857132  -42.8571434  -41.07143021]
[-46.7857132  -42.8571434  -41.07143021]
[-46.7857132  -42.8571434  -41.07143021]
[-46.7857132  -42.8571434  -41.07143021]
[-46.7857132  -42.8571434  -41.07143021]
[-60.76530457 -61.68367386 -45.81632614]
[-62.80612183 -64.33673096 -46.53061295]
[-59.13265228 -62.29591751 -45.76530457]
[-59.13265228 -62.29591751 -45.76530457]
[-57.39795685 -55.56122589 -39.94897842]
[-57.39795685 -55.56122589 -39.94897842]
[-57.39795685 -55.56122589 -39.94897842]
[-57.5        -56.83673477 -42.09183502]
[-57.29591751 -54.59183502 -41.68367386]
[-57.55101776 -53.7755127  -39.54081726]
[-57.55101776 -53.7755127  -39.54081726]
[-57.55101776 -53.7755127  -39.54081726]
[-57.55101776 -53.7755127  -39.54081726]
[-61.42857361 -58.06122589 -42.55102158]
[-61.42857361 -58.06122589 -42.55102158]
[-60.96938705 -59.54081726 -42.34693909]
[-60.96938705 -59.54081726 -42.34693909]
[-51.7857132  -41.68367386 -41.12244797]
[-51.7857132  -41.68367386 -41.12244797]
[-54.23469543 -58.36734772 -46.12245178]
[-59.13265228 -62.29591751 -45.76530457]
[-59.13265228 -62.29591751 -45.76530457]
[-59.13265228 -62.29591751 -45.76530457]
[-65.51020813 -65.         -45.3571434 ]
[-66.88775635 -63.67346954 -44.89795685]
[-66.88775635 -63.67346954 -44.89795685]
[-66.88775635 -63.67346954 -44.89795685]
[-57.55101776 -53.7755127  -39.54081726]
[-57.55101776 -53.7755127  -39.54081726]
[-46.7857132  -42.8571434  -41.07143021]
[-46.7857132  -42.8571434  -41.07143021]
[-46.7857132  -42.8571434  -41.07143021]
[-46.7857132  -42.8571434  -41.07143021]
[-46.7857132  -42.8571434  -41.07143021]
[-62.80612183 -64.33673096 -46.53061295]
[-54.23469543 -58.36734772 -46.12245178]
[-59.13265228 -62.29591751 -45.76530457]
[-59.13265228 -62.29591751 -45.76530457]
[-57.39795685 -55.56122589 -39.94897842]
[-57.39795685 -55.56122589 -39.94897842]
[-57.5        -56.83673477 -42.09183502]
[-57.5        -56.83673477 -42.09183502]
[-57.29591751 -54.59183502 -41.68367386]
[-57.55101776 -53.7755127  -39.54081726]
[-57.55101776 -53.7755127  -39.54081726]
[-57.55101776 -53.7755127  -39.54081726]
[-57.55101776 -53.7755127  -39.54081726]
[-10.        -11.7857132 -10.       ]
[-10.        -11.7857132 -10.       ]
[-10.        -10.8928566 -10.       ]
[-10.        -10.8928566 -10.       ]
[-13.57143021 -18.0357132  -10.        ]
[-16.25      -21.6071434 -10.       ]
[-10. -10. -10.]
[-10.8928566 -10.        -10.       ]
[-12.67856979 -10.         -10.        ]
[-13.57143021 -10.         -10.        ]
[-13.57143021 -10.         -10.        ]
[-10. -10. -10.]
[-10.8928566 -10.        -10.       ]
[-10.8928566 -10.        -10.       ]
[-10.         -12.67856979 -10.        ]
[-13.57143021 -18.0357132  -10.        ]
[-16.25      -21.6071434 -10.       ]
[-10.8928566 -10.        -10.       ]
[-10.8928566 -10.        -10.       ]
[-16.25 -10.   -10.  ]
[-16.25      -17.1428566 -10.       ]
[-16.25      -17.1428566 -10.       ]
[-14.4642868  -13.57143021 -10.8928566 ]
[-14.4642868  -13.57143021 -10.8928566 ]
[-10.8928566 -10.        -10.       ]
[-10.8928566 -10.        -10.       ]
[-11.7857132 -15.3571434 -10.       ]
[-13.57143021 -11.7857132  -10.        ]
[-15.3571434 -10.        -10.       ]
[-10.8928566 -10.        -10.       ]
[-12.67856979 -10.         -10.        ]
[-17.1428566  -12.67856979 -10.        ]
[-16.25      -17.1428566 -10.       ]
[-16.25      -17.1428566 -10.       ]
[-16.25      -17.1428566 -10.       ]
[-11.7857132 -10.        -10.       ]
[-10.8928566 -10.        -10.       ]
[-10.8928566 -10.        -10.       ]
[-11.7857132 -15.3571434 -10.       ]
[-12.67856979 -13.57143021 -10.        ]
[-12.67856979 -10.         -10.        ]
[-10.8928566 -10.        -10.       ]
[-10. -10. -10.]
[-12.67856979 -13.57143021 -10.        ]
[-16.25      -17.1428566 -10.       ]
[-16.25      -17.1428566 -10.       ]
[-13.57143021 -10.         -10.        ]
[-10.8928566 -10.        -10.       ]
[-10.8928566 -10.        -10.       ]
[-10.8928566 -10.        -10.       ]
[-10. -10. -10.]
[-16.25      -21.6071434 -10.       ]
[-16.25      -21.6071434 -10.       ]
[-10.8928566 -10.        -10.       ]
[-10.8928566 -10.        -10.       ]
[-16.25 -10.   -10.  ]
[-16.25      -17.1428566 -10.       ]
[-16.25      -17.1428566 -10.       ]
[-16.25      -17.1428566 -10.       ]
[-10.8928566 -10.        -10.       ]
[-10.8928566 -10.        -10.       ]
[-10.8928566 -10.        -10.       ]
[-12.67856979 -10.8928566  -10.8928566 ]
[-12.67856979 -13.57143021 -10.        ]
[-14.4642868 -10.        -10.       ]
[-12.67856979 -10.         -10.        ]
[-12.67856979 -10.         -10.        ]
[-17.1428566 -10.        -10.       ]
[-13.57143021 -10.         -10.        ]
[-12.67856979 -10.8928566  -13.57143021]
[-12.67856979 -13.57143021 -12.67856979]
[-10.8928566 -10.        -10.       ]
[-10.         -12.67856979 -13.57143021]
[-10.        -18.0357132 -10.8928566]
[-16.25      -21.6071434 -10.       ]
[-18.0357132 -10.8928566 -10.       ]
[-10.8928566 -10.        -10.       ]
[-10.8928566 -10.        -10.       ]
[-16.25 -10.   -10.  ]
[-21.6071434 -20.7142868 -10.       ]
[-24.2857132 -20.7142868 -11.7857132]
[-18.92856979 -12.67856979 -13.57143021]
[-14.4642868  -13.57143021 -10.8928566 ]
[-10.8928566 -10.        -10.       ]
[-11.7857132 -15.3571434 -10.       ]
[-13.57143021 -18.0357132  -10.        ]
[-16.25      -21.6071434 -10.       ]
[-10.8928566 -10.        -10.       ]
[-10.8928566 -10.        -10.       ]
[-16.25 -10.   -10.  ]
[-17.1428566  -12.67856979 -10.        ]
[-16.25      -17.1428566 -10.       ]
[-16.25      -14.4642868 -11.7857132]
[-14.4642868  -13.57143021 -10.8928566 ]
[-10.8928566 -10.        -10.       ]
[-10.8928566 -10.        -10.       ]
[-11.7857132 -15.3571434 -10.       ]
[-12.67856979 -13.57143021 -10.        ]
[-15.3571434 -10.        -10.       ]
[-10.8928566 -10.        -10.       ]
[-10.8928566 -10.        -10.       ]
[-15.3571434 -10.        -10.       ]
[-16.25      -17.1428566 -10.       ]
[-16.25      -17.1428566 -10.       ]
[-16.25      -14.4642868 -11.7857132]
[-12.67856979 -13.57143021 -12.67856979]
[-10.8928566 -10.        -10.       ]
[-10. -10. -10.]
[-10.        -18.0357132 -10.8928566]
[-13.57143021 -18.0357132  -10.        ]
[-16.25      -21.6071434 -10.       ]
[-18.0357132 -10.8928566 -10.       ]
[-10.8928566 -10.        -10.       ]
[-16.25 -10.   -10.  ]
[-24.2857132 -20.7142868 -11.7857132]
[-21.6071434 -10.        -10.       ]
[-18.92856979 -12.67856979 -13.57143021]
[-10.8928566 -10.        -10.       ]
[-10. -10. -10.]
[-10. -10. -10.]
[-15.3571434 -23.3928566 -15.3571434]
[-16.25      -15.3571434 -10.       ]
[-21.6071434 -16.25      -10.       ]
[-18.0357132 -10.8928566 -10.       ]
[-10. -10. -10.]
[-18.92856979 -12.67856979 -11.7857132 ]
[-16.25 -10.   -10.  ]
[-15.3571434 -10.        -10.       ]
[-18.92856979 -10.         -10.        ]
[-10. -10. -10.]
[-10. -10. -10.]
[-10. -10. -10.]
[-11.7857132 -10.        -10.       ]
[-18.0357132 -10.        -10.       ]
[-15.3571434 -10.        -10.       ]
[-15.3571434 -10.        -10.       ]
[-10. -10. -10.]
[-10. -10. -10.]
[-14.4642868 -10.        -10.       ]
[-15.3571434 -10.        -10.       ]
[-10. -10. -10.]
[-10. -10. -10.]
[-10. -10. -10.]
[-10. -10. -10.]
[-10. -10. -10.]
[-15.3571434 -10.        -10.       ]
[-12.67856979 -10.         -10.        ]
[-11.7857132 -10.        -10.       ]
[-10. -10. -10.]
[-10. -10. -10.]
[-12.67856979 -10.         -10.        ]
[-11.7857132 -10.        -10.       ]
[-12.67856979 -10.         -10.        ]
[-10.8928566 -10.        -10.       ]
[-10. -10. -10.]
[-10.        -10.8928566 -10.       ]
[-10. -10. -10.]
[-10. -10. -10.]
[-15.3571434 -10.        -10.       ]
[-12.67856979 -10.         -10.        ]
[-10. -10. -10.]
[-10. -10. -10.]
[-10. -10. -10.]
[-12.67856979 -10.         -10.        ]
[-12.67856979 -10.         -10.        ]
[-12.67856979 -10.         -10.        ]
[-10. -10. -10.]
[-10. -10. -10.]
[-10. -10. -10.]
[-10. -10. -10.]
[-15.3571434 -10.        -10.       ]
[-12.67856979 -10.         -10.        ]
[-13.57143021 -10.         -10.        ]
[-10. -10. -10.]
[-10. -10. -10.]
[-12.67856979 -10.         -10.        ]
[-15.3571434 -10.        -10.       ]
[-12.67856979 -10.         -10.        ]
[-10. -10. -10.]
[-10. -10. -10.]
[-10.        -10.8928566 -10.       ]
[-10. -10. -10.]
[-10. -10. -10.]
[-15.3571434 -10.        -10.       ]
[-10. -10. -10.]
[-10. -10. -10.]
[-10. -10. -10.]
[-14.4642868 -10.        -10.       ]
[-12.67856979 -10.         -10.        ]
[-15.3571434 -10.        -10.       ]
[-12.67856979 -10.         -10.        ]
[-10. -10. -10.]
[-10. -10. -10.]
[-10. -10. -10.]
[-10. -10. -10.]
[-15.3571434 -10.        -10.       ]
[-12.67856979 -10.         -10.        ]
[-10. -10. -10.]
[-10. -10. -10.]
[-10. -10. -10.]
[-10. -10. -10.]
[-14.4642868 -10.        -10.       ]
[-12.67856979 -10.         -10.        ]
[-10. -10. -10.]
[-10. -10. -10.]
[-10. -10. -10.]
[-10. -10. -10.]
[-10. -10. -10.]
[-15.3571434 -10.        -10.       ]
[-12.67856979 -10.         -10.        ]
[-10. -10. -10.]
[-10. -10. -10.]
[-10. -10. -10.]
[-12.67856979 -10.         -10.        ]
[-11.7857132 -10.        -10.       ]
[-12.67856979 -10.         -10.        ]
[-10.8928566 -10.        -10.       ]
[-10. -10. -10.]
[-10. -10. -10.]
[-10. -10. -10.]
[-10. -10. -10.]
[-15.3571434 -10.        -10.       ]
[-10. -10. -10.]
[-11.7857132 -10.        -10.       ]
[-10. -10. -10.]
[-10. -10. -10.]
[-12.67856979 -10.         -10.        ]
[-15.3571434 -10.        -10.       ]
[-12.67856979 -10.         -10.        ]
[-10. -10. -10.]
[-10. -10. -10.]
[-10. -10. -10.]
[-10. -10. -10.]
[-15.3571434 -10.        -10.       ]
[-12.67856979 -10.         -10.        ]
[-10. -10. -10.]
[-10. -10. -10.]
[-10. -10. -10.]
[-12.67856979 -10.         -10.        ]
[-14.4642868 -10.        -10.       ]
[-12.67856979 -10.         -10.        ]
[-10. -10. -10.]
[-10. -10. -10.]
[-10. -10. -10.]
[-10. -10. -10.]
[-10. -10. -10.]
[-15.3571434 -10.        -10.       ]
[-12.67856979 -10.         -10.        ]
[-10. -10. -10.]
[-10. -10. -10.]
[-10. -10. -10.]
[-12.67856979 -10.         -10.        ]
[-11.7857132 -10.        -10.       ]
[-10. -10. -10.]
[-10.8928566 -10.        -10.       ]
[-10. -10. -10.]
[-10.        -10.8928566 -10.       ]
[-10. -10. -10.]
[-10. -10. -10.]
[-15.3571434 -10.        -10.       ]
[-10. -10. -10.]
[-10. -10. -10.]
[-10. -10. -10.]
[-10. -10. -10.]
[-12.67856979 -10.         -10.        ]
[-15.3571434 -10.        -10.       ]
[-12.67856979 -10.         -10.        ]
[-10. -10. -10.]
[-10. -10. -10.]
[-10.        -10.8928566 -10.       ]
[-10. -10. -10.]
[-12.67856979 -10.         -10.        ]
[-12.67856979 -10.         -10.        ]
[-10. -10. -10.]
[-10. -10. -10.]
[-10. -10. -10.]
[-10. -10. -10.]
[-14.4642868 -10.        -10.       ]
[-12.67856979 -10.         -10.        ]
[-10. -10. -10.]
[-10. -10. -10.]
[-10. -10. -10.]
[-10. -10. -10.]
[-10. -10. -10.]
[-15.3571434 -10.        -10.       ]
[-12.67856979 -10.         -10.        ]
[-10. -10. -10.]
[-10. -10. -10.]
[-10. -10. -10.]
[-10. -10. -10.]
[-10.8928566 -10.        -10.       ]
[-12.67856979 -10.         -10.        ]
[-10. -10. -10.]
[-10. -10. -10.]
[-10. -10. -10.]
[-10. -10. -10.]
[-12.67856979 -10.         -10.        ]
[-15.3571434 -10.        -10.       ]
[-10. -10. -10.]
[-10. -10. -10.]
[-10. -10. -10.]
[-10. -10. -10.]
[-12.67856979 -10.         -10.        ]
[-10. -10. -10.]
[-10. -10. -10.]
[-10. -10. -10.]
[-10. -10. -10.]
[-10. -10. -10.]
[-10. -10. -10.]
[-15.3571434 -10.        -10.       ]
[-12.67856979 -10.         -10.        ]
[-10. -10. -10.]
[-10. -10. -10.]
[-10. -10. -10.]
[-12.67856979 -10.         -10.        ]
[-11.7857132 -10.        -10.       ]
[-12.67856979 -10.         -10.        ]
[-10.8928566 -10.        -10.       ]
[-10. -10. -10.]
[-10. -10. -10.]
[-10. -10. -10.]
[-10. -10. -10.]
[-15.3571434 -10.        -10.       ]
[-10. -10. -10.]
[-11.7857132 -10.        -10.       ]
[-10. -10. -10.]
[-10. -10. -10.]
[-12.67856979 -10.         -10.        ]
[-15.3571434 -10.        -10.       ]
[-12.67856979 -10.         -10.        ]
[-10. -10. -10.]
[-10. -10. -10.]
[-10. -10. -10.]
[-10. -10. -10.]
[-11.7857132 -10.        -10.       ]
[-12.67856979 -10.         -10.        ]
[-10. -10. -10.]
[-10. -10. -10.]
[-10. -10. -10.]
[-10. -10. -10.]
[-10. -10. -10.]
[-12.67856979 -10.         -10.        ]
[-10. -10. -10.]
[-10. -10. -10.]
[-10. -10. -10.]
[-10. -10. -10.]
[-10. -10. -10.]
[-15.3571434 -10.        -10.       ]
[-12.67856979 -10.         -10.        ]
[-10. -10. -10.]
[-10. -10. -10.]
[-10. -10. -10.]
[-12.67856979 -10.         -10.        ]
[-11.7857132 -10.        -10.       ]
[-10. -10. -10.]
[-10. -10. -10.]
[-10. -10. -10.]
[-10. -10. -10.]
[-10. -10. -10.]
[-10. -10. -10.]
[-10. -10. -10.]
[-10. -10. -10.]
[-10.8928566 -10.        -10.       ]
[-10. -10. -10.]
[-10. -10. -10.]
[-12.67856979 -10.         -10.        ]
[-11.7857132 -10.        -10.       ]
[-10. -10. -10.]
[-10. -10. -10.]
[-10. -10. -10.]
[-10. -10. -10.]
[-10. -10. -10.]
[-10. -10. -10.]
[-10. -10. -10.]
[-10. -10. -10.]
[-10. -10. -10.]
[-10. -10. -10.]
[-10. -10. -10.]
[-12.67856979 -10.         -10.        ]
[-10. -10. -10.]
[-12.67856979 -10.         -10.        ]
[-10. -10. -10.]
[-10. -10. -10.]
[-10. -10. -10.]
[-10. -10. -10.]
[-10. -10. -10.]
[-10. -10. -10.]
[-12.67856979 -10.         -10.        ]
[-10. -10. -10.]
[-10. -10. -10.]
[-10.8928566 -10.        -10.       ]
[-10. -10. -10.]
[-10.8928566 -10.        -10.       ]
[-10. -10. -10.]
[-10. -10. -10.]
[-10. -10. -10.]
[-10. -10. -10.]
[-10. -10. -10.]
[-10. -10. -10.]
[-10. -10. -10.]
[-12.67856979 -10.         -10.        ]
[-10. -10. -10.]
[-10. -10. -10.]
[-10. -10. -10.]
[-10. -10. -10.]
[-11.7857132 -10.        -10.       ]
[-10. -10. -10.]
[-10. -10. -10.]
[-10. -10. -10.]
[-10. -10. -10.]
[-10. -10. -10.]
[-10. -10. -10.]
[-10. -10. -10.]
[-10. -10. -10.]
[-10.8928566 -10.        -10.       ]
[-10. -10. -10.]
[-10. -10. -10.]
[-10. -10. -10.]
[-10. -10. -10.]
[-10. -10. -10.]
[-10. -10. -10.]
[-10. -10. -10.]
[-10. -10. -10.]
[-10. -10. -10.]
[-10. -10. -10.]
[-10. -10. -10.]
[-10. -10. -10.]
[-10. -10. -10.]
[-10. -10. -10.]
[-10. -10. -10.]
[-10. -10. -10.]
[-10. -10. -10.]
[-10. -10. -10.]
[-10. -10. -10.]
[-10. -10. -10.]
[-10. -10. -10.]
[-10. -10. -10.]
[-10. -10. -10.]
[-10. -10. -10.]
[-10. -10. -10.]
[-10. -10. -10.]
[-10. -10. -10.]
[-10. -10. -10.]
[-10. -10. -10.]
[-10. -10. -10.]
[-10. -10. -10.]
[-10. -10. -10.]
[-10. -10. -10.]
[-10. -10. -10.]
[-10. -10. -10.]
[-10. -10. -10.]
[-10. -10. -10.]
[-10. -10. -10.]
[-10. -10. -10.]
[-10. -10. -10.]
[-10. -10. -10.]
[-10. -10. -10.]
[-10. -10. -10.]
[-10. -10. -10.]
[-10. -10. -10.]
[-10.8928566 -10.        -10.       ]
[-10. -10. -10.]
[-10. -10. -10.]
[-10. -10. -10.]
[-10. -10. -10.]
[-10. -10. -10.]
[-10. -10. -10.]
[-10. -10. -10.]
[-10. -10. -10.]
[-10. -10. -10.]
[-12.67856979 -10.         -10.        ]
[-10. -10. -10.]
[-10. -10. -10.]
[-10. -10. -10.]
[-10. -10. -10.]
[-10. -10. -10.]
[-10. -10. -10.]
[-10. -10. -10.]
[-10. -10. -10.]
[-10. -10. -10.]
[-11.7857132 -10.        -10.       ]
[-10. -10. -10.]
[-10. -10. -10.]
[-10. -10. -10.]
[-10. -10. -10.]
[-10. -10. -10.]
[-10. -10. -10.]
[-10. -10. -10.]
[-10. -10. -10.]
[-10. -10. -10.]
[-10. -10. -10.]
[-10. -10. -10.]
[-10. -10. -10.]
[-11.7857132 -10.        -10.       ]
[-10. -10. -10.]
[-10. -10. -10.]
[-10. -10. -10.]
[-10. -10. -10.]
[-10. -10. -10.]
