<generator object PPO.save_probs.<locals>.<genexpr> at 0x000002738B42BD10>
[100. 100. 100.]
[100. 100. 100.]
[100. 100. 100.]
[100. 100. 100.]
[100. 100. 100.]
[100. 100. 100.]
[ 99.84101868 100.         100.        ]
[ 95.70747375  94.75357819 100.        ]
[ 97.45628357  96.0254364  100.        ]
[ 88.23529053  91.73291016 100.        ]
[ 81.7170105   83.14785004 100.        ]
[77.26550293 73.44992065 94.91255951]
[82.67090607 76.15262604 92.36884308]
[85.37361145 82.51192474 91.09697723]
[100.          99.84101868 100.        ]
[100. 100. 100.]
[100. 100. 100.]
[100.          95.70747375 100.        ]
[100.          86.32750702  96.502388  ]
[ 94.27662659  80.76311493 100.        ]
[ 88.39427948  78.53736115 100.        ]
[ 98.09220886  96.82035065 100.        ]
[ 86.00953674  87.12241364 100.        ]
[73.29093933 65.65977478 95.54849243]
[75.99363708 68.36248016 92.68680573]
[86.48648834 78.53736115 88.71224213]
[88.39427948 80.44515228 82.1939621 ]
[100.          98.41017151  98.25119019]
[100. 100. 100.]
[100.          98.72814178 100.        ]
[100.          91.41494751 100.        ]
[ 96.97933197  83.46582031 100.        ]
[ 92.68680573  78.06040955 100.        ]
[ 89.03020477  74.40381622 100.        ]
[100. 100. 100.]
[75.51669312 66.2957077  99.36406708]
[74.2448349 66.2957077 96.502388 ]
[81.24006653 72.01908112 95.54849243]
[88.23529053 78.69634247 89.82511902]
[94.91255951 84.5786972  89.98410034]
[100.         100.          95.07154083]
[100. 100. 100.]
[100.          98.09220886 100.        ]
[100.          96.18441772 100.        ]
[100.          90.14308167 100.        ]
[ 98.41017151  82.98886871 100.        ]
[ 96.82035065  79.65023804 100.        ]
[ 92.36884308  80.92209625 100.        ]
[ 82.98886871  81.55802917 100.        ]
[ 81.7170105   72.65500641 100.        ]
[79.80921936 70.90619659 99.68203735]
[ 84.5786972   74.56279755 100.        ]
[96.0254364  83.78378296 96.97933197]
[100.          87.91732788  97.61526489]
[97.45628357 87.28140259 86.96343231]
[100. 100. 100.]
[100.          98.09220886 100.        ]
[100. 100. 100.]
[100.          95.07154083 100.        ]
[ 97.29729462  86.80445099 100.        ]
[ 94.27662659  82.1939621  100.        ]
[ 91.25595856  77.58346558 100.        ]
[100.         89.1891861 100.       ]
[ 88.71224213  76.78855133 100.        ]
[ 97.45628357  92.20985413 100.        ]
[ 81.08107758  72.97297668 100.        ]
[89.03020477 76.15262604 95.54849243]
[94.27662659 80.44515228 96.82035065]
[94.91255951 83.62480164 86.00953674]
[100. 100. 100.]
[100.          91.57392883  98.56916046]
[100. 100. 100.]
[100.          97.93322754 100.        ]
[100.          92.84578705 100.        ]
[100.          89.34817505 100.        ]
[ 99.52305603  88.5532608  100.        ]
[ 94.11764526  80.60413361 100.        ]
[100.         89.1891861 100.       ]
[ 88.71224213  76.78855133 100.        ]
[ 90.77901459  85.21463013 100.        ]
[ 81.08107758  72.97297668 100.        ]
[ 83.46582031  75.03974915 100.        ]
[ 92.36884308  78.37837982 100.        ]
[ 98.41017151  83.78378296 100.        ]
[97.29729462 85.05564117 98.56916046]
[100.          94.11764526 100.        ]
[100.          85.85055542  95.23052216]
