<generator object PPO.save_probs.<locals>.<genexpr> at 0x000002738B42BBC0>
[100. 100. 100.]
[100. 100. 100.]
[100. 100. 100.]
[100. 100. 100.]
[100.          99.36406708 100.        ]
[100. 100. 100.]
[100.          98.88712311 100.        ]
[100.          98.88712311 100.        ]
[ 99.52305603 100.         100.        ]
[ 94.59459686  94.27662659 100.        ]
[ 93.95866394  95.23052216 100.        ]
[ 90.93799591  93.32273102 100.        ]
[80.44515228 79.96820068 96.18441772]
[81.08107758 78.85532379 88.87122345]
[90.77901459 87.44038391 90.93799591]
[99.84101868 93.79968262 95.54849243]
[100. 100. 100.]
[100. 100. 100.]
[100.         100.          97.45628357]
[100.          97.61526489  93.00476837]
[91.41494751 91.73291016 94.59459686]
[ 86.64546967  88.71224213 100.        ]
[ 92.68680573  96.18441772 100.        ]
[ 83.46582031  86.00953674 100.        ]
[73.60890198 75.99363708 96.502388  ]
[75.35771179 79.01430511 88.23529053]
[81.24006653 79.33227539 86.96343231]
[89.34817505 80.92209625 82.98886871]
[100.          96.66136932  89.03020477]
[100. 100. 100.]
[100.         100.          93.32273102]
[100.         100.          98.72814178]
[ 97.45628357 100.         100.        ]
[ 91.09697723  97.29729462 100.        ]
[ 84.10174561  84.89665985 100.        ]
[ 97.29729462  98.09220886 100.        ]
[73.13195801 72.81398773 96.97933197]
[73.13195801 74.88076019 92.0508728 ]
[81.7170105  80.76311493 89.98410034]
[95.23052216 88.5532608  87.91732788]
[100.          93.64070129  87.12241364]
[100.          97.13831329  86.48648834]
[100.         100.          98.72814178]
[100. 100. 100.]
[100. 100. 100.]
[100. 100. 100.]
[100. 100. 100.]
[ 93.16374969  96.66136932 100.        ]
[ 87.91732788  89.34817505 100.        ]
[ 87.59936523  84.73767853 100.        ]
[75.03974915 75.99363708 99.84101868]
[79.80921936 79.01430511 98.88712311]
[79.65023804 83.62480164 92.20985413]
[91.41494751 90.14308167 89.03020477]
[100.          98.72814178  87.12241364]
[100.          95.07154083  85.85055542]
[100.         100.          96.97933197]
[100. 100. 100.]
[100. 100. 100.]
[100. 100. 100.]
[100. 100. 100.]
[ 99.20508575 100.         100.        ]
[88.39427948 90.14308167 96.66136932]
[ 93.32273102  94.27662659 100.        ]
[ 86.64546967  85.53259277 100.        ]
[ 87.44038391  87.91732788 100.        ]
[ 85.85055542  87.75834656 100.        ]
[ 90.30206299  92.20985413 100.        ]
[88.39427948 86.16851807 95.38950348]
[93.48171997 87.75834656 86.80445099]
[99.52305603 90.14308167 83.46582031]
[100. 100. 100.]
[100.         100.          99.68203735]
[100. 100. 100.]
[100. 100. 100.]
[100. 100. 100.]
[ 93.64070129  95.86645508 100.        ]
[ 91.73291016  96.18441772 100.        ]
[ 92.20985413  94.11764526 100.        ]
[ 89.03020477  88.87122345 100.        ]
[ 82.98886871  82.51192474 100.        ]
[80.92209625 80.92209625 91.57392883]
[91.73291016 93.64070129 91.09697723]
[100.         100.          93.79968262]
[100.         100.          93.16374969]
[100.         100.          95.38950348]
[100.         100.          86.80445099]
[100.         100.          98.56916046]
[100. 100. 100.]
[100. 100. 100.]
[100.         100.          96.66136932]
[100.         100.          95.38950348]
[100.         100.          94.27662659]
[100. 100. 100.]
[100. 100. 100.]
[ 94.27662659  99.04610443 100.        ]
[ 82.1939621   80.76311493 100.        ]
