actor_1,actor_2
46.29120635986328, 40.0457878112793
41.95970916748047, 46.089744567871094
46.29120635986328, 40.0457878112793
41.95970916748047, 46.089744567871094
46.29120635986328, 40.0457878112793
41.95970916748047, 46.089744567871094
46.29120635986328, 40.0457878112793
41.95970916748047, 46.089744567871094
46.29120635986328, 40.0457878112793
41.95970916748047, 46.089744567871094
42.56410217285156, 32.591575622558594
40.851646423339844, 38.43406677246094
30.979854583740234, 40.44871520996094
40.851646423339844, 38.43406677246094
30.979854583740234, 40.44871520996094
40.851646423339844, 38.43406677246094
30.979854583740234, 40.44871520996094
40.851646423339844, 38.43406677246094
30.979854583740234, 40.44871520996094
40.851646423339844, 38.43406677246094
33.88888931274414, 33.11111068725586
33.88888931274414, 31.784313201904297
33.66012954711914, 31.464052200317383
33.66012954711914, 31.464052200317383
33.47712326049805, 31.052288055419922
33.11111068725586, 31.00653648376465
33.11111068725586, 31.00653648376465
33.11111068725586, 31.00653648376465
52.86556625366211, 50.38915252685547
41.88679122924805, 52.28773498535156
55.75471496582031, 48.49056625366211
46.01415252685547, 52.37028503417969
56.497642517089844, 49.976417541503906
46.01415252685547, 52.37028503417969
56.497642517089844, 49.976417541503906
46.01415252685547, 52.37028503417969
56.08490753173828, 47.41745376586914
48.40802001953125, 50.306602478027344
55.094337463378906, 47.33490753173828
48.40802001953125, 50.306602478027344
55.094337463378906, 47.33490753173828
48.40802001953125, 50.306602478027344
52.86556625366211, 48.325469970703125
46.09669876098633, 44.19811248779297
36.60377502441406, 45.35377502441406
46.09669876098633, 44.19811248779297
36.60377502441406, 45.35377502441406
42.877357482910156, 45.43632125854492
46.50943374633789, 41.14386749267578
42.877357482910156, 45.43632125854492
46.50943374633789, 41.14386749267578
75.0, 75.0
75.0, 75.0
75.0, 75.0
75.0, 75.0
75.0, 75.0
75.0, 75.0
75.0, 75.0
75.0, 75.0
31.744186401367188, 31.356590270996094
31.201549530029297, 31.744186401367188
31.66666603088379, 31.511627197265625
31.201549530029297, 31.821704864501953
31.66666603088379, 31.511627197265625
31.201549530029297, 31.821704864501953
31.046512603759766, 31.744186401367188
31.66666603088379, 31.201549530029297
31.046512603759766, 31.744186401367188
31.66666603088379, 31.201549530029297
31.046512603759766, 31.744186401367188
31.66666603088379, 31.201549530029297
31.201549530029297, 31.589147567749023
31.43410873413086, 31.12403106689453
31.201549530029297, 31.589147567749023
31.43410873413086, 31.12403106689453
31.201549530029297, 31.589147567749023
31.43410873413086, 31.12403106689453
30.968992233276367, 31.279069900512695
31.046512603759766, 31.12403106689453
30.736434936523438, 30.89147186279297
30.11627960205078, 30.736434936523438
30.038759231567383, 30.11627960205078
29.961240768432617, 29.961240768432617
29.961240768432617, 29.57364273071289
30.503875732421875, 29.88372039794922
30.736434936523438, 29.496124267578125
30.038759231567383, 30.271318435668945
30.813953399658203, 29.496124267578125
30.038759231567383, 30.271318435668945
30.813953399658203, 29.496124267578125
30.42635726928711, 30.038759231567383
30.503875732421875, 29.88372039794922
30.503875732421875, 30.11627960205078
30.736434936523438, 30.65891456604004
30.271318435668945, 30.193798065185547
29.88372039794922, 30.038759231567383
29.728681564331055, 29.88372039794922
30.193798065185547, 29.263565063476562
29.65116310119629, 29.263565063476562
29.806201934814453, 29.57364273071289
29.65116310119629, 29.728681564331055
29.65116310119629, 29.728681564331055
25.0, 25.0
25.0, 25.0
25.0, 25.0
25.0, 25.0
25.0, 25.0
25.0, 25.0
25.0, 25.0
25.0, 25.0
60.0, 58.88298034667969
56.27659606933594, 58.13829803466797
60.0, 58.88298034667969
56.27659606933594, 58.13829803466797
60.0, 58.88298034667969
56.27659606933594, 58.13829803466797
60.0, 58.88298034667969
56.27659606933594, 58.13829803466797
60.0, 58.88298034667969
56.27659606933594, 58.13829803466797
58.51063919067383, 55.90425491333008
55.53191375732422, 57.76595687866211
58.51063919067383, 55.90425491333008
55.53191375732422, 57.76595687866211
58.51063919067383, 55.90425491333008
55.53191375732422, 57.76595687866211
56.64893341064453, 55.53191375732422
55.53191375732422, 57.76595687866211
56.64893341064453, 55.53191375732422
55.53191375732422, 57.76595687866211
56.64893341064453, 55.53191375732422
55.53191375732422, 57.76595687866211
56.64893341064453, 55.53191375732422
55.53191375732422, 57.76595687866211
31.46233367919922, 30.1772518157959
31.63958740234375, 30.310192108154297
35.096012115478516, 32.79172897338867
31.550960540771484, 34.74150848388672
41.47710418701172, 34.83013153076172
32.259971618652344, 41.21122741699219
41.47710418701172, 34.83013153076172
31.994091033935547, 43.60413360595703
42.18611526489258, 33.412113189697266
31.728212356567383, 42.58493423461914
42.18611526489258, 33.412113189697266
31.728212356567383, 42.58493423461914
75.0, 50.50885009765625
73.80531311035156, 62.05752182006836
56.28318786621094, 72.6106185913086
73.80531311035156, 62.05752182006836
56.28318786621094, 72.6106185913086
75.0, 55.28761291503906
57.87610626220703, 75.0
75.0, 55.28761291503906
57.87610626220703, 75.0
75.0, 55.28761291503906
57.87610626220703, 75.0
75.0, 55.28761291503906
57.87610626220703, 75.0
75.0, 55.28761291503906
57.87610626220703, 75.0
75.0, 55.28761291503906
40.06153869628906, 38.338462829589844
40.761539459228516, 39.30769348144531
40.761539459228516, 39.30769348144531
36.83076858520508, 40.599998474121094
47.384613037109375, 40.599998474121094
38.39230728149414, 46.900001525878906
52.28461456298828, 37.96154022216797
37.369232177734375, 50.9923095703125
52.28461456298828, 37.96154022216797
37.369232177734375, 50.9923095703125
52.28461456298828, 37.96154022216797
37.369232177734375, 50.9923095703125
60.0, 60.0
60.0, 59.54545593261719
60.0, 60.0
60.0, 60.0
60.0, 58.6363639831543
58.181819915771484, 60.0
59.54545593261719, 59.09090805053711
59.54545593261719, 60.0
60.0, 60.0
48.03621292114258, 48.704734802246094
49.48468017578125, 48.14763259887695
48.03621292114258, 48.704734802246094
49.48468017578125, 48.14763259887695
48.03621292114258, 48.704734802246094
49.48468017578125, 48.14763259887695
47.59053039550781, 47.81336975097656
48.59331512451172, 46.69916534423828
47.59053039550781, 47.81336975097656
48.59331512451172, 46.69916534423828
49.373260498046875, 47.70195007324219
49.038997650146484, 49.15041732788086
48.03621292114258, 48.704734802246094
48.37047576904297, 48.14763259887695
49.373260498046875, 47.70195007324219
47.70195007324219, 48.37047576904297
47.70195007324219, 47.70195007324219
47.70195007324219, 48.37047576904297
48.03621292114258, 47.25626754760742
48.481895446777344, 48.25905227661133
47.47911071777344, 49.2618408203125
48.14763259887695, 47.3676872253418
47.033424377441406, 48.03621292114258
48.14763259887695, 47.3676872253418
47.033424377441406, 48.03621292114258
48.14763259887695, 47.3676872253418
47.033424377441406, 48.03621292114258
48.14763259887695, 47.3676872253418
47.033424377441406, 48.03621292114258
48.14763259887695, 47.3676872253418
47.033424377441406, 48.03621292114258
48.14763259887695, 47.3676872253418
25.0, 25.0
25.0, 25.0
25.0, 25.0
25.0, 25.0
25.0, 25.0
25.0, 25.0
25.0, 25.0
25.0, 25.0
71.33332824707031, 75.0
73.625, 74.21428680419922
73.29762268066406, 69.30357360839844
74.21428680419922, 74.67262268066406
73.75595092773438, 69.56547546386719
73.88690185546875, 74.54167175292969
73.625, 69.5
73.82142639160156, 74.21428680419922
73.625, 69.30357360839844
73.82142639160156, 74.21428680419922
73.625, 69.30357360839844
73.55952453613281, 73.55952453613281
72.70832824707031, 74.2797622680664
73.55952453613281, 73.55952453613281
72.25, 73.42857360839844
73.10118865966797, 72.70832824707031
72.25, 73.42857360839844
73.10118865966797, 72.70832824707031
72.25, 73.42857360839844
73.10118865966797, 72.70832824707031
72.25, 73.625
73.10118865966797, 72.70832824707031
72.25, 73.625
73.10118865966797, 72.70832824707031
72.38095092773438, 72.70832824707031
73.10118865966797, 72.70832824707031
73.10118865966797, 72.70832824707031
62.16666793823242, 72.9702377319336
73.10118865966797, 72.70832824707031
62.10118865966797, 72.05357360839844
73.10118865966797, 72.70832824707031
62.10118865966797, 72.05357360839844
42.19621658325195, 39.6812744140625
39.25796890258789, 40.37848663330078
42.19621658325195, 39.6812744140625
39.25796890258789, 40.37848663330078
43.24203109741211, 39.282867431640625
40.35358428955078, 41.623504638671875
41.92230987548828, 38.934261322021484
39.90538024902344, 40.851593017578125
41.92230987548828, 38.934261322021484
39.90538024902344, 40.851593017578125
41.92230987548828, 38.934261322021484
39.90538024902344, 40.851593017578125
41.92230987548828, 38.934261322021484
39.90538024902344, 40.851593017578125
40.80179214477539, 38.411354064941406
39.80577850341797, 39.43227005004883
38.68525695800781, 39.50697326660156
39.80577850341797, 39.43227005004883
38.68525695800781, 39.50697326660156
39.80577850341797, 39.43227005004883
38.68525695800781, 39.50697326660156
39.80577850341797, 39.43227005004883
70.0, 46.51515197753906
68.86363220214844, 70.0
70.0, 46.51515197753906
68.86363220214844, 70.0
70.0, 46.51515197753906
68.86363220214844, 70.0
70.0, 43.8636360168457
68.86363220214844, 70.0
70.0, 43.8636360168457
68.86363220214844, 70.0
70.0, 37.04545593261719
62.6136360168457, 70.0
70.0, 37.04545593261719
62.6136360168457, 70.0
69.81060791015625, 41.022727966308594
62.6136360168457, 70.0
67.91667175292969, 43.48484802246094
56.74242401123047, 59.20454406738281
55.037879943847656, 37.6136360168457
56.74242401123047, 59.20454406738281
55.037879943847656, 37.6136360168457
50.30303192138672, 65.26515197753906
57.5, 45.75757598876953
50.30303192138672, 65.26515197753906
42.05348205566406, 38.26942443847656
47.139251708984375, 42.8102912902832
40.26740646362305, 45.292633056640625
47.139251708984375, 42.8102912902832
40.26740646362305, 45.292633056640625
54.434913635253906, 45.71644592285156
43.32492446899414, 51.58930206298828
54.434913635253906, 45.71644592285156
43.32492446899414, 51.58930206298828
54.434913635253906, 45.71644592285156
43.32492446899414, 51.58930206298828
54.434913635253906, 45.71644592285156
43.32492446899414, 51.58930206298828
54.434913635253906, 45.71644592285156
43.32492446899414, 51.58930206298828
54.434913635253906, 45.71644592285156
44.605262756347656, 57.894737243652344
41.05263137817383, 57.894737243652344
39.342105865478516, 59.47368240356445
41.31578826904297, 57.3684196472168
43.157894134521484, 52.36842346191406
45.657894134521484, 54.078948974609375
44.078948974609375, 57.6315803527832
39.605262756347656, 54.86842346191406
39.605262756347656, 54.86842346191406
30.0, 30.0
30.0, 30.0
30.0, 30.0
30.0, 30.0
30.0, 30.0
30.0, 30.0
30.0, 30.0
30.0, 30.0
68.38710021972656, 66.23655700683594
60.86021423339844, 64.35484313964844
68.92472839355469, 67.31182861328125
65.69892883300781, 67.04301452636719
68.92472839355469, 67.58064270019531
65.69892883300781, 67.04301452636719
68.92472839355469, 67.58064270019531
65.69892883300781, 67.04301452636719
66.50537109375, 66.7741928100586
70.0, 56.021507263183594
65.16128540039062, 67.58064270019531
70.0, 56.021507263183594
65.16128540039062, 67.58064270019531
70.0, 57.09677505493164
66.23655700683594, 67.58064270019531
70.0, 59.78494644165039
66.50537109375, 68.92472839355469
70.0, 61.66666793823242
66.50537109375, 68.92472839355469
68.38710021972656, 63.0107536315918
63.0107536315918, 67.04301452636719
66.7741928100586, 65.69892883300781
63.0107536315918, 67.04301452636719
66.7741928100586, 65.69892883300781
63.0107536315918, 67.04301452636719
61.935482025146484, 64.6236572265625
67.04301452636719, 51.720428466796875
61.935482025146484, 64.6236572265625
66.7741928100586, 53.064517974853516
56.290321350097656, 67.58064270019531
63.279571533203125, 57.90322494506836
52.52688217163086, 64.89247131347656
60.59139633178711, 62.47311782836914
61.397850036621094, 48.49462127685547
57.09677505493164, 61.66666793823242
60.86021423339844, 48.225807189941406
54.13978576660156, 62.74193572998047
60.05376434326172, 49.56989288330078
46.344085693359375, 57.36559295654297
50.3763427734375, 51.720428466796875
48.76344299316406, 39.6236572265625
47.150535583496094, 51.720428466796875
48.225807189941406, 39.89247131347656
45.537635803222656, 51.45161437988281
48.225807189941406, 39.89247131347656
43.3870964050293, 50.3763427734375
43.655914306640625, 44.462364196777344
48.76344299316406, 39.6236572265625
37.47311782836914, 39.35483932495117
42.31182861328125, 37.47311782836914
36.397850036621094, 39.35483932495117
41.23655700683594, 37.74193572998047
34.78494644165039, 39.35483932495117
39.35483932495117, 39.6236572265625
42.849464416503906, 37.20429992675781
37.47311782836914, 39.35483932495117
42.31182861328125, 37.47311782836914
36.397850036621094, 39.35483932495117
39.35483932495117, 39.6236572265625
42.849464416503906, 37.20429992675781
37.47311782836914, 39.35483932495117
42.31182861328125, 37.47311782836914
36.397850036621094, 39.35483932495117
41.23655700683594, 37.74193572998047
34.78494644165039, 39.35483932495117
37.47311782836914, 39.35483932495117
42.31182861328125, 37.47311782836914
36.397850036621094, 39.35483932495117
41.23655700683594, 37.74193572998047
31.02150535583496, 35.86021423339844
32.09677505493164, 35.32257843017578
36.397850036621094, 35.05376434326172
31.290321350097656, 35.591400146484375
35.591400146484375, 35.591400146484375
35.67708206176758, 31.97916603088379
27.34375, 34.53125
35.67708206176758, 31.97916603088379
27.34375, 34.53125
35.67708206176758, 31.97916603088379
27.34375, 34.53125
35.67708206176758, 31.97916603088379
27.34375, 34.53125
35.67708206176758, 31.97916603088379
27.34375, 34.53125
30.52083396911621, 30.20833396911621
27.08333396911621, 31.61458396911621
30.52083396911621, 30.20833396911621
27.08333396911621, 31.61458396911621
30.52083396911621, 30.20833396911621
27.08333396911621, 31.61458396911621
29.53125, 30.67708396911621
28.80208396911621, 28.07291603088379
29.53125, 30.67708396911621
28.80208396911621, 28.07291603088379
29.53125, 30.67708396911621
27.60416603088379, 28.59375
28.07291603088379, 26.09375
26.97916603088379, 28.85416603088379
27.55208396911621, 26.92708396911621
26.97916603088379, 28.85416603088379
27.55208396911621, 26.92708396911621
26.97916603088379, 28.85416603088379
26.875, 27.39583396911621
26.5625, 25.98958396911621
26.25, 27.5
26.14583396911621, 26.5625
25.9375, 25.67708396911621
25.78125, 26.5625
25.9375, 25.67708396911621
25.88541603088379, 26.82291603088379
25.83333396911621, 26.30208396911621
25.9375, 25.52083396911621
25.78125, 26.5625
25.9375, 25.67708396911621
25.625, 26.51041603088379
25.83333396911621, 26.30208396911621
25.9375, 25.52083396911621
25.57291603088379, 26.25
25.625, 25.52083396911621
25.52083396911621, 26.14583396911621
25.57291603088379, 26.04166603088379
25.72916603088379, 25.46875
25.57291603088379, 26.25
25.625, 25.52083396911621
25.52083396911621, 26.14583396911621
25.57291603088379, 26.04166603088379
25.625, 25.52083396911621
25.57291603088379, 26.25
25.625, 25.57291603088379
25.52083396911621, 26.14583396911621
25.57291603088379, 26.04166603088379
25.625, 25.52083396911621
68.29931640625, 66.59864044189453
64.21768188476562, 68.9795913696289
66.59864044189453, 65.91836547851562
64.21768188476562, 68.9795913696289
66.59864044189453, 65.91836547851562
64.21768188476562, 68.9795913696289
66.93877410888672, 64.89796447753906
66.25849914550781, 68.29931640625
68.29931640625, 64.55782318115234
66.25849914550781, 68.29931640625
68.29931640625, 64.55782318115234
66.25849914550781, 68.29931640625
68.29931640625, 64.55782318115234
66.25849914550781, 68.29931640625
67.27891540527344, 64.55782318115234
65.91836547851562, 68.29931640625
67.27891540527344, 64.55782318115234
65.91836547851562, 68.29931640625
63.53741455078125, 64.55782318115234
64.55782318115234, 67.27891540527344
69.31973266601562, 70.0
64.21768188476562, 66.59864044189453
64.21768188476562, 66.59864044189453
64.21768188476562, 66.59864044189453
66.25849914550781, 65.91836547851562
67.61904907226562, 65.23809814453125
67.61904907226562, 65.23809814453125
70.0, 68.63945007324219
66.93877410888672, 68.63945007324219
70.0, 68.63945007324219
66.93877410888672, 68.63945007324219
70.0, 70.0
66.93877410888672, 68.63945007324219
70.0, 70.0
66.93877410888672, 68.63945007324219
70.0, 70.0
65.91836547851562, 70.0
69.65986633300781, 68.9795913696289
63.53741455078125, 68.63945007324219
66.25849914550781, 68.63945007324219
69.65986633300781, 68.63945007324219
66.25849914550781, 68.63945007324219
68.9795913696289, 67.95918273925781
66.59864044189453, 68.29931640625
68.9795913696289, 67.95918273925781
66.59864044189453, 68.29931640625
68.9795913696289, 67.95918273925781
64.21768188476562, 67.95918273925781
68.9795913696289, 67.95918273925781
64.21768188476562, 67.95918273925781
68.9795913696289, 67.95918273925781
64.21768188476562, 67.95918273925781
68.9795913696289, 67.95918273925781
62.85714340209961, 68.9795913696289
67.27891540527344, 67.27891540527344
62.85714340209961, 68.9795913696289
67.27891540527344, 67.27891540527344
62.85714340209961, 68.9795913696289
63.8775520324707, 67.61904907226562
69.65986633300781, 68.63945007324219
64.55782318115234, 67.95918273925781
68.9795913696289, 67.95918273925781
64.55782318115234, 67.95918273925781
68.9795913696289, 67.95918273925781
62.517005920410156, 67.61904907226562
68.9795913696289, 67.95918273925781
58.775508880615234, 67.27891540527344
64.55782318115234, 65.91836547851562
63.8775520324707, 59.45578384399414
64.55782318115234, 65.91836547851562
63.8775520324707, 59.45578384399414
63.53741455078125, 65.23809814453125
65.23809814453125, 64.89796447753906
63.1972770690918, 64.89796447753906
65.91836547851562, 64.21768188476562
60.47618865966797, 65.57823181152344
65.91836547851562, 64.21768188476562
60.47618865966797, 65.57823181152344
65.91836547851562, 64.21768188476562
61.156463623046875, 66.25849914550781
65.23809814453125, 64.55782318115234
61.156463623046875, 66.25849914550781
65.23809814453125, 64.55782318115234
61.156463623046875, 66.25849914550781
65.23809814453125, 64.55782318115234
59.11564636230469, 62.517005920410156
65.23809814453125, 64.55782318115234
59.11564636230469, 62.517005920410156
63.1972770690918, 61.49659729003906
59.11564636230469, 62.517005920410156
63.1972770690918, 61.49659729003906
59.11564636230469, 62.517005920410156
63.1972770690918, 61.49659729003906
59.11564636230469, 62.517005920410156
63.1972770690918, 61.49659729003906
59.11564636230469, 62.517005920410156
63.1972770690918, 61.49659729003906
56.054420471191406, 57.41496658325195
63.1972770690918, 61.49659729003906
56.054420471191406, 57.41496658325195
63.1972770690918, 61.49659729003906
56.054420471191406, 57.41496658325195
63.1972770690918, 61.49659729003906
56.054420471191406, 57.41496658325195
61.836734771728516, 58.43537521362305
56.054420471191406, 57.41496658325195
61.836734771728516, 58.43537521362305
56.054420471191406, 57.41496658325195
57.0748291015625, 55.71428680419922
52.99319839477539, 54.013607025146484
57.0748291015625, 55.71428680419922
52.99319839477539, 54.013607025146484
57.0748291015625, 55.71428680419922
52.99319839477539, 54.013607025146484
57.0748291015625, 55.71428680419922
52.99319839477539, 54.013607025146484
57.0748291015625, 55.71428680419922
52.99319839477539, 54.013607025146484
57.0748291015625, 55.71428680419922
49.93197250366211, 53.33333206176758
57.0748291015625, 55.71428680419922
49.93197250366211, 53.33333206176758
57.0748291015625, 55.71428680419922
49.93197250366211, 53.33333206176758
57.0748291015625, 55.71428680419922
49.93197250366211, 53.33333206176758
57.0748291015625, 55.71428680419922
49.93197250366211, 53.33333206176758
57.0748291015625, 55.71428680419922
49.93197250366211, 53.33333206176758
57.0748291015625, 55.71428680419922
49.93197250366211, 53.33333206176758
57.0748291015625, 55.71428680419922
49.93197250366211, 53.33333206176758
57.0748291015625, 55.71428680419922
49.93197250366211, 53.33333206176758
57.0748291015625, 55.71428680419922
49.93197250366211, 53.33333206176758
57.0748291015625, 55.71428680419922
49.93197250366211, 53.33333206176758
55.03401184082031, 55.03401184082031
49.93197250366211, 53.33333206176758
55.03401184082031, 55.03401184082031
49.93197250366211, 53.33333206176758
55.03401184082031, 55.03401184082031
49.93197250366211, 53.33333206176758
55.03401184082031, 55.03401184082031
49.93197250366211, 53.33333206176758
55.03401184082031, 55.03401184082031
47.21088409423828, 46.53061294555664
44.149658203125, 54.693878173828125
53.67346954345703, 54.013607025146484
58.095237731933594, 58.775508880615234
56.054420471191406, 53.67346954345703
30.0, 30.0
30.0, 30.0
30.0, 30.0
30.0, 30.0
30.0, 30.0
30.0, 30.0
30.0, 30.0
30.0, 30.0
57.317073822021484, 60.60975646972656
55.67073059082031, 58.96341323852539
57.317073822021484, 59.5121955871582
58.96341323852539, 58.414634704589844
55.67073059082031, 59.5121955871582
55.67073059082031, 60.60975646972656
57.317073822021484, 61.70731735229492
58.414634704589844, 61.70731735229492
57.86585235595703, 61.70731735229492
57.86585235595703, 63.90243911743164
35.0, 35.0
35.0, 35.0
35.0, 35.0
35.0, 35.0
35.0, 35.0
35.0, 35.0
35.0, 35.0
35.0, 35.0
43.400001525878906, 35.400001525878906
31.311111450195312, 42.599998474121094
39.75555419921875, 35.93333435058594
29.53333282470703, 40.11111068725586
41.71111297607422, 35.400001525878906
29.622222900390625, 41.088890075683594
41.79999923706055, 38.33333206176758
29.622222900390625, 41.088890075683594
39.400001525878906, 38.511112213134766
29.622222900390625, 41.088890075683594
37.53333282470703, 34.77777862548828
30.600000381469727, 38.06666564941406
36.377777099609375, 34.77777862548828
30.600000381469727, 38.06666564941406
36.377777099609375, 34.77777862548828
30.600000381469727, 38.06666564941406
32.46666717529297, 31.844444274902344
29.53333282470703, 33.622222900390625
31.133333206176758, 31.66666603088379
29.266666412353516, 28.822221755981445
31.133333206176758, 31.66666603088379
29.177778244018555, 28.91111183166504
31.133333206176758, 31.66666603088379
28.91111183166504, 28.91111183166504
31.133333206176758, 31.66666603088379
28.11111068725586, 28.822221755981445
26.688888549804688, 27.488889694213867
27.044445037841797, 26.066667556762695
26.511110305786133, 27.66666603088379
26.066667556762695, 26.155555725097656
27.311111450195312, 25.9777774810791
25.44444465637207, 26.33333396911621
26.422222137451172, 25.9777774810791
25.622222900390625, 26.688888549804688
25.622222900390625, 26.155555725097656
26.33333396911621, 25.799999237060547
25.35555648803711, 26.244443893432617
25.53333282470703, 25.799999237060547
26.066667556762695, 25.799999237060547
25.35555648803711, 25.88888931274414
25.622222900390625, 25.622222900390625
25.177778244018555, 25.9777774810791
25.266666412353516, 25.711111068725586
25.88888931274414, 25.622222900390625
25.08888816833496, 25.799999237060547
25.622222900390625, 25.622222900390625
25.177778244018555, 25.9777774810791
25.177778244018555, 25.711111068725586
25.88888931274414, 25.622222900390625
25.08888816833496, 25.799999237060547
25.35555648803711, 25.799999237060547
25.711111068725586, 25.799999237060547
25.622222900390625, 25.622222900390625
25.799999237060547, 25.799999237060547
25.08888816833496, 26.155555725097656
25.35555648803711, 25.799999237060547
25.711111068725586, 25.799999237060547
25.622222900390625, 25.622222900390625
25.53333282470703, 25.799999237060547
25.622222900390625, 25.622222900390625
25.35555648803711, 25.799999237060547
25.711111068725586, 25.799999237060547
25.622222900390625, 25.622222900390625
25.799999237060547, 25.799999237060547
25.08888816833496, 25.88888931274414
25.266666412353516, 25.711111068725586
25.53333282470703, 25.622222900390625
25.44444465637207, 25.53333282470703
25.44444465637207, 25.53333282470703
25.44444465637207, 25.53333282470703
25.53333282470703, 25.622222900390625
25.53333282470703, 25.622222900390625
25.53333282470703, 25.44444465637207
25.799999237060547, 25.08888816833496
26.77777862548828, 25.177778244018555
26.955554962158203, 25.177778244018555
26.688888549804688, 25.177778244018555
26.688888549804688, 25.177778244018555
25.9777774810791, 25.08888816833496
25.35555648803711, 25.177778244018555
25.622222900390625, 25.177778244018555
25.622222900390625, 25.177778244018555
25.622222900390625, 25.177778244018555
25.622222900390625, 25.177778244018555
25.622222900390625, 25.266666412353516
25.35555648803711, 25.53333282470703
25.35555648803711, 25.711111068725586
25.35555648803711, 25.88888931274414
25.35555648803711, 25.88888931274414
25.177778244018555, 25.799999237060547
25.177778244018555, 25.799999237060547
25.08888816833496, 25.711111068725586
25.266666412353516, 25.622222900390625
25.53333282470703, 25.53333282470703
25.08888816833496, 25.711111068725586
25.44444465637207, 25.622222900390625
25.44444465637207, 25.44444465637207
25.53333282470703, 25.622222900390625
25.0, 25.0
25.0, 25.0
25.0, 25.0
25.0, 25.0
25.0, 25.0
25.0, 25.0
25.0, 25.0
25.0, 25.0
28.41248321533203, 34.2469482421875
36.68928146362305, 24.34192657470703
28.616010665893555, 35.12889862060547
37.639076232910156, 24.748981475830078
28.616010665893555, 35.12889862060547
37.02849578857422, 24.952510833740234
28.819538116455078, 35.73948669433594
37.02849578857422, 24.952510833740234
26.71641731262207, 35.6716423034668
37.97829055786133, 25.291723251342773
26.784259796142578, 36.621437072753906
37.97829055786133, 25.563093185424805
26.987789154052734, 37.096336364746094
38.3175048828125, 25.902305603027344
26.987789154052734, 37.096336364746094
39.94572448730469, 26.512889862060547
27.937583923339844, 38.656715393066406
39.94572448730469, 26.512889862060547
27.937583923339844, 38.656715393066406
41.77747344970703, 27.598371505737305
30.312076568603516, 42.79511260986328
41.77747344970703, 27.598371505737305
30.312076568603516, 42.79511260986328
45.37313461303711, 29.76933479309082
30.312076568603516, 42.79511260986328
40.420623779296875, 27.39484405517578
28.548168182373047, 35.46811294555664
40.420623779296875, 27.39484405517578
30.854816436767578, 38.79240417480469
39.94572448730469, 29.43012237548828
30.854816436767578, 38.79240417480469
40.82768249511719, 29.226593017578125
33.16146469116211, 38.86024475097656
40.82768249511719, 29.226593017578125
32.347354888916016, 38.385345458984375
39.81004333496094, 29.972862243652344
34.586158752441406, 38.58887481689453
39.81004333496094, 29.972862243652344
34.586158752441406, 38.58887481689453
39.60651397705078, 28.88738250732422
33.77204895019531, 34.111263275146484
36.350067138671875, 28.208953857421875
35.19674301147461, 33.83988952636719
25.495250701904297, 35.80732727050781
35.19674301147461, 33.83988952636719
26.85210418701172, 36.14653778076172
34.85752868652344, 32.279510498046875
29.633649826049805, 34.17910385131836
34.586158752441406, 31.058345794677734
30.92266082763672, 33.50067901611328
32.68656921386719, 29.294437408447266
31.53324317932129, 32.347354888916016
31.12618637084961, 29.15875244140625
30.44776153564453, 28.819538116455078
24.884666442871094, 29.972862243652344
29.43012237548828, 28.005428314208984
27.055631637573242, 27.937583923339844
28.48032569885254, 27.191316604614258
28.616010665893555, 28.14111328125
22.78154754638672, 30.44776153564453
31.12618637084961, 27.86974334716797
24.070556640625, 31.80461311340332
30.1763916015625, 27.39484405517578
26.85210418701172, 29.76933479309082
29.90502166748047, 26.037992477416992
29.90502166748047, 27.327001571655273
23.39212989807129, 32.48303985595703
29.43012237548828, 24.613296508789062
25.83446502685547, 29.76933479309082
28.616010665893555, 23.731342315673828
28.208953857421875, 27.259159088134766
22.578018188476562, 29.49796485900879
28.88738250732422, 23.595657348632812
23.39212989807129, 29.43012237548828
28.48032569885254, 23.05291748046875
25.42740821838379, 27.39484405517578
26.309362411499023, 22.37449073791504
27.801898956298828, 24.206241607666016
23.120759963989258, 28.75169563293457
28.07326889038086, 23.05291748046875
24.002714157104492, 27.73405647277832
26.784259796142578, 22.30664825439453
26.648574829101562, 25.902305603027344
22.37449073791504, 28.819538116455078
27.801898956298828, 24.206241607666016
23.120759963989258, 28.75169563293457
27.666213989257812, 22.442333221435547
25.223880767822266, 26.784259796142578
26.784259796142578, 22.30664825439453
25.970149993896484, 24.002714157104492
22.238805770874023, 27.73405647277832
26.987789154052734, 22.645862579345703
23.527814865112305, 26.784259796142578
26.85210418701172, 22.170963287353516
25.69877815246582, 25.08819580078125
22.238805770874023, 27.73405647277832
26.580732345581055, 23.595657348632812
22.849390029907227, 27.666213989257812
26.987789154052734, 22.645862579345703
23.527814865112305, 26.784259796142578
26.037992477416992, 22.0352783203125
25.970149993896484, 24.002714157104492
22.238805770874023, 27.73405647277832
26.987789154052734, 22.645862579345703
22.849390029907227, 27.666213989257812
24.34192657470703, 21.831750869750977
22.917232513427734, 24.545454025268555
23.934871673583984, 21.831750869750977
24.206241607666016, 23.120759963989258
21.831750869750977, 26.173677444458008
24.34192657470703, 22.30664825439453
22.238805770874023, 25.291723251342773
23.934871673583984, 21.831750869750977
23.663501739501953, 23.867029190063477
23.256444931030273, 21.424694061279297
24.206241607666016, 23.120759963989258
21.831750869750977, 26.173677444458008
24.34192657470703, 21.831750869750977
22.917232513427734, 24.545454025268555
23.256444931030273, 21.424694061279297
24.206241607666016, 23.120759963989258
21.28900909423828, 24.748981475830078
22.645862579345703, 21.899593353271484
21.560379028320312, 24.070556640625
22.645862579345703, 21.492536544799805
22.30664825439453, 22.713703155517578
22.103120803833008, 21.153324127197266
22.645862579345703, 21.899593353271484
21.560379028320312, 24.070556640625
22.645862579345703, 21.492536544799805
22.30664825439453, 22.713703155517578
22.103120803833008, 21.153324127197266
22.645862579345703, 21.899593353271484
20.610584259033203, 23.256444931030273
22.645862579345703, 21.492536544799805
21.35685157775879, 22.103120803833008
22.103120803833008, 21.153324127197266
22.645862579345703, 21.899593353271484
20.610584259033203, 23.256444931030273
51.20991516113281, 39.54810333251953
55.29154586791992, 40.01457595825195
60.18950653076172, 59.72303009033203
50.16035079956055, 51.55976867675781
66.7201156616211, 75.0
74.650146484375, 40.830902099609375
66.7201156616211, 75.0
74.650146484375, 40.830902099609375
65.43731689453125, 75.0
72.90087890625, 38.84839630126953
62.17201232910156, 71.50145721435547
68.46939086914062, 38.96501541137695
62.17201232910156, 71.50145721435547
68.46939086914062, 38.96501541137695
62.17201232910156, 71.50145721435547
60.0, 60.0
60.0, 60.0
60.0, 60.0
60.0, 60.0
60.0, 60.0
60.0, 60.0
60.0, 60.0
60.0, 60.0
39.132232666015625, 27.479339599609375
40.991737365722656, 32.80991744995117
33.80165100097656, 44.71074295043945
46.32231140136719, 34.54545593261719
41.73553466796875, 54.25619888305664
60.578514099121094, 46.44628143310547
46.81818389892578, 59.71074295043945
60.578514099121094, 46.44628143310547
46.81818389892578, 59.71074295043945
51.28099060058594, 41.23966979980469
39.25619888305664, 50.16529083251953
49.297523498535156, 40.24793243408203
39.25619888305664, 50.16529083251953
49.297523498535156, 40.24793243408203
39.25619888305664, 50.16529083251953
49.297523498535156, 40.24793243408203
29.311376571655273, 25.958084106445312
29.01197624206543, 27.455089569091797
37.75448989868164, 32.60478973388672
31.886226654052734, 40.92814254760742
37.75448989868164, 32.60478973388672
31.886226654052734, 40.92814254760742
43.26347351074219, 36.31736755371094
30.4491024017334, 45.17964172363281
36.43712615966797, 34.76047897338867
30.4491024017334, 45.17964172363281
36.43712615966797, 34.76047897338867
30.4491024017334, 45.17964172363281
20.0, 20.0
20.0, 20.0
20.0, 20.0
20.0, 20.0
20.0, 20.0
20.0, 20.0
20.0, 20.0
20.0, 20.0
62.0, 65.0
62.0, 65.0
62.0, 65.0
65.0, 65.0
62.0, 65.0
65.0, 65.0
62.0, 65.0
65.0, 65.0
62.0, 65.0
65.0, 65.0
62.0, 65.0
65.0, 65.0
65.0, 65.0
65.0, 65.0
65.0, 65.0
65.0, 65.0
65.0, 65.0
65.0, 65.0
62.0, 65.0
62.0, 65.0
62.0, 65.0
62.0, 65.0
62.0, 65.0
62.0, 65.0
62.0, 65.0
65.0, 65.0
59.5121955871582, 60.0
59.39024353027344, 60.0
57.92683029174805, 60.0
57.56097412109375, 60.0
57.92683029174805, 59.024391174316406
57.80487823486328, 59.39024353027344
59.024391174316406, 59.14634323120117
59.26829147338867, 57.43902587890625
59.26829147338867, 57.43902587890625
59.26829147338867, 57.43902587890625
37.88671112060547, 34.22657775878906
36.43790817260742, 38.039215087890625
37.96296310424805, 34.379085540771484
36.43790817260742, 38.039215087890625
37.96296310424805, 34.379085540771484
36.43790817260742, 38.039215087890625
39.79302978515625, 31.938997268676758
38.954246520996094, 39.411766052246094
39.79302978515625, 31.938997268676758
38.954246520996094, 39.411766052246094
39.79302978515625, 31.938997268676758
38.954246520996094, 39.411766052246094
39.79302978515625, 31.938997268676758
38.954246520996094, 39.411766052246094
39.716773986816406, 32.77777862548828
38.954246520996094, 39.411766052246094
39.716773986816406, 32.77777862548828
38.954246520996094, 39.411766052246094
39.716773986816406, 32.77777862548828
38.954246520996094, 39.411766052246094
36.056644439697266, 29.346405029296875
35.67538070678711, 35.52287673950195
35.67538070678711, 35.52287673950195
43.28063201904297, 35.764163970947266
31.567852020263672, 42.77338409423828
51.94993591308594, 34.9802360534668
34.10408401489258, 47.845848083496094
51.94993591308594, 34.9802360534668
34.10408401489258, 47.845848083496094
50.612648010253906, 35.30303192138672
34.10408401489258, 47.845848083496094
51.30434799194336, 34.01185607910156
35.53359603881836, 46.55467987060547
51.30434799194336, 34.01185607910156
35.53359603881836, 46.55467987060547
46.693016052246094, 34.703556060791016
35.53359603881836, 46.55467987060547
44.98682403564453, 34.01185607910156
35.16469192504883, 45.21739196777344
37.654808044433594, 32.85902404785156
34.565216064453125, 37.33201599121094
35.994728088378906, 33.043479919433594
34.565216064453125, 37.33201599121094
35.994728088378906, 33.043479919433594
34.565216064453125, 37.33201599121094
38.208168029785156, 34.334651947021484
34.565216064453125, 37.33201599121094
75.0, 75.0
75.0, 75.0
75.0, 75.0
75.0, 75.0
75.0, 75.0
75.0, 75.0
75.0, 75.0
75.0, 75.0
31.95244026184082, 30.600749969482422
36.871089935302734, 30.525657653808594
41.75218963623047, 30.413015365600586
44.305381774902344, 30.30037498474121
38.297874450683594, 30.262828826904297
35.5944938659668, 30.30037498474121
33.45431900024414, 30.30037498474121
31.914894104003906, 30.30037498474121
36.310298919677734, 36.075618743896484
31.499347686767578, 34.96088790893555
36.7796630859375, 34.315513610839844
33.55280303955078, 34.843544006347656
35.78226852416992, 33.611473083496094
33.55280303955078, 34.843544006347656
35.78226852416992, 33.611473083496094
33.55280303955078, 34.843544006347656
35.78226852416992, 33.611473083496094
33.55280303955078, 34.843544006347656
35.78226852416992, 33.611473083496094
33.55280303955078, 34.843544006347656
32.02737808227539, 26.688396453857422
31.55801773071289, 28.272491455078125
29.621902465820312, 29.79791259765625
29.621902465820312, 29.79791259765625
30.85397720336914, 25.8083438873291
29.621902465820312, 29.79791259765625
30.85397720336914, 25.8083438873291
29.621902465820312, 29.79791259765625
30.85397720336914, 25.8083438873291
29.621902465820312, 29.79791259765625
31.55801773071289, 28.272491455078125
37.897727966308594, 26.81818199157715
27.84090805053711, 38.409088134765625
35.59659194946289, 27.15909194946289
27.84090805053711, 38.409088134765625
35.59659194946289, 27.15909194946289
27.84090805053711, 38.409088134765625
40.284088134765625, 26.732954025268555
35.085227966308594, 40.710227966308594
37.727272033691406, 27.5
35.085227966308594, 40.710227966308594
37.727272033691406, 27.5
35.085227966308594, 40.710227966308594
37.727272033691406, 27.5
35.085227966308594, 40.710227966308594
30.738636016845703, 26.051136016845703
35.085227966308594, 35.0
25.795454025268555, 38.664772033691406
33.6363639831543, 32.35795593261719
24.6875, 36.022727966308594
33.6363639831543, 32.35795593261719
24.6875, 36.022727966308594
33.6363639831543, 32.35795593261719
30.0, 30.0
30.0, 30.0
30.0, 30.0
30.0, 30.0
30.0, 30.0
30.0, 30.0
30.0, 30.0
30.0, 30.0
38.82352828979492, 35.44117736816406
39.95098114013672, 36.960784912109375
42.843135833740234, 40.7843132019043
37.843135833740234, 42.5
48.52941131591797, 41.02941131591797
38.13725662231445, 45.83333206176758
48.52941131591797, 41.02941131591797
36.764705657958984, 44.36274719238281
44.264705657958984, 40.29411697387695
36.764705657958984, 44.36274719238281
39.90196228027344, 38.039215087890625
36.12744903564453, 40.04901885986328
42.79635238647461, 40.9726448059082
40.60790252685547, 42.978721618652344
42.79635238647461, 40.9726448059082
40.60790252685547, 42.978721618652344
42.79635238647461, 40.9726448059082
40.60790252685547, 42.978721618652344
42.79635238647461, 40.9726448059082
40.60790252685547, 42.978721618652344
42.79635238647461, 40.9726448059082
40.60790252685547, 42.978721618652344
43.38905715942383, 40.197566986083984
41.975685119628906, 43.70820617675781
43.38905715942383, 40.197566986083984
41.975685119628906, 43.70820617675781
43.38905715942383, 40.197566986083984
41.975685119628906, 43.70820617675781
42.84194564819336, 39.51367950439453
41.975685119628906, 43.70820617675781
42.84194564819336, 39.51367950439453
41.975685119628906, 43.70820617675781
42.84194564819336, 39.51367950439453
41.975685119628906, 43.70820617675781
42.84194564819336, 39.51367950439453
41.975685119628906, 43.70820617675781
52.67973709106445, 35.16339874267578
50.457515716552734, 48.75817108154297
32.156864166259766, 53.071895599365234
50.457515716552734, 48.75817108154297
32.156864166259766, 53.071895599365234
48.62744903564453, 47.189544677734375
35.16339874267578, 59.86928176879883
58.954246520996094, 48.235294342041016
35.16339874267578, 59.86928176879883
58.954246520996094, 48.235294342041016
35.16339874267578, 59.86928176879883
58.954246520996094, 48.235294342041016
35.16339874267578, 59.86928176879883
58.954246520996094, 48.235294342041016
35.16339874267578, 59.86928176879883
58.954246520996094, 48.235294342041016
41.71377944946289, 54.69964599609375
40.565372467041016, 57.349822998046875
41.183746337890625, 59.29328536987305
41.183746337890625, 55.84805679321289
45.335689544677734, 58.23321533203125
50.98939895629883, 60.0
57.61484146118164, 58.144874572753906
57.61484146118164, 58.144874572753906
57.61484146118164, 58.144874572753906
65.90908813476562, 68.19999694824219
57.07272720336914, 44.30908966064453
54.78181838989258, 63.12727355957031
64.43636322021484, 48.727272033691406
54.78181838989258, 63.12727355957031
55.92727279663086, 46.436363220214844
54.78181838989258, 63.12727355957031
55.92727279663086, 46.436363220214844
46.272727966308594, 55.92727279663086
55.92727279663086, 46.436363220214844
45.78181838989258, 57.23636245727539
47.090911865234375, 46.599998474121094
41.3636360168457, 49.54545593261719
47.090911865234375, 46.599998474121094
41.3636360168457, 49.54545593261719
39.23636245727539, 45.12727355957031
33.01818084716797, 47.418182373046875
31.381818771362305, 51.18181610107422
29.581817626953125, 51.01818084716797
28.272727966308594, 49.38182067871094
28.272727966308594, 45.29090881347656
27.454545974731445, 39.727272033691406
27.454545974731445, 39.727272033691406
36.818180084228516, 36.3636360168457
40.68181610107422, 37.95454406738281
42.727272033691406, 39.09090805053711
38.40909194946289, 38.40909194946289
40.68181610107422, 37.5
40.68181610107422, 37.5
40.68181610107422, 37.5
37.272727966308594, 36.818180084228516
70.0, 37.17835998535156
70.0, 70.0
70.0, 70.0
70.0, 70.0
70.0, 70.0
70.0, 70.0
70.0, 70.0
70.0, 70.0
25.0, 25.0
25.0, 25.0
25.0, 25.0
25.0, 25.0
25.0, 25.0
25.0, 25.0
25.0, 25.0
25.0, 25.0
38.46895217895508, 37.0556755065918
42.90149688720703, 38.14775085449219
46.049251556396484, 41.102783203125
45.66381072998047, 47.591007232666016
52.79443359375, 44.95717239379883
47.33404541015625, 51.50963592529297
53.565311431884766, 44.6359748840332
48.10492706298828, 51.188438415527344
52.02355194091797, 43.92933654785156
46.9486083984375, 49.38972091674805
52.02355194091797, 43.92933654785156
42.451820373535156, 47.20556640625
34.40287780761719, 53.892086029052734
40.812950134277344, 72.41007232666016
43.46762466430664, 73.446044921875
45.99280548095703, 72.0215835571289
68.65467834472656, 73.83453369140625
74.09352111816406, 73.446044921875
74.09352111816406, 73.446044921875
74.15827178955078, 70.59712219238281
73.76978302001953, 72.6690673828125
71.17985534667969, 73.89927673339844
72.7985610961914, 70.53237915039062
70.98561096191406, 71.89208984375
72.7985610961914, 70.53237915039062
70.98561096191406, 71.89208984375
72.7985610961914, 70.53237915039062
70.98561096191406, 71.89208984375
60.0, 60.0
60.0, 60.0
60.0, 60.0
60.0, 60.0
60.0, 60.0
60.0, 60.0
59.712646484375, 60.0
59.712646484375, 60.0
53.96946716308594, 31.959287643432617
39.08396911621094, 45.06361389160156
64.40203857421875, 30.050891876220703
61.22137451171875, 48.37150192260742
42.26463317871094, 58.295166015625
61.22137451171875, 48.37150192260742
42.26463317871094, 58.295166015625
61.22137451171875, 48.37150192260742
42.26463317871094, 53.71501159667969
60.712467193603516, 40.86513900756836
42.26463317871094, 53.71501159667969
38.95674133300781, 27.760814666748047
30.43256950378418, 32.595420837402344
30.43256950378418, 32.595420837402344
32.97710037231445, 24.96183204650879
30.43256950378418, 32.595420837402344
32.97710037231445, 24.96183204650879
30.43256950378418, 32.595420837402344
59.0625, 60.0
60.9375, 60.3125
60.625, 59.6875
63.125, 58.4375
63.125, 58.4375
63.125, 58.75
60.625, 60.9375
60.9375, 62.1875
60.0, 62.1875
60.0, 62.1875
60.9375, 62.5
59.0625, 62.1875
58.4375, 60.9375
60.0, 63.125
60.0, 63.125
60.0, 60.625
60.0, 60.625
60.0, 60.625
61.5625, 61.25
63.4375, 61.25
65.0, 63.4375
65.0, 63.4375
65.0, 63.4375
65.0, 63.4375
64.0625, 58.75
61.875, 56.875
64.375, 54.0625
67.1875, 58.4375
67.1875, 58.4375
69.375, 60.9375
69.375, 60.9375
69.375, 60.9375
64.375, 59.375
64.0625, 60.0
61.25, 61.25
60.625, 60.9375
60.625, 60.9375
25.0, 25.0
25.0, 25.0
25.0, 25.0
25.0, 25.0
25.0, 25.0
25.0, 25.0
25.0, 25.0
25.0, 25.0
74.3452377319336, 74.3452377319336
73.03571319580078, 71.72618865966797
73.69047546386719, 72.38095092773438
75.0, 70.41667175292969
75.0, 73.69047546386719
75.0, 73.69047546386719
75.0, 73.69047546386719
71.72618865966797, 74.3452377319336
75.0, 71.84210205078125
75.0, 71.84210205078125
75.0, 71.84210205078125
75.0, 71.84210205078125
75.0, 74.21052551269531
75.0, 74.21052551269531
75.0, 74.21052551269531
75.0, 74.21052551269531
36.34693908691406, 35.367347717285156
39.408164978027344, 35.306121826171875
40.755104064941406, 35.306121826171875
40.755104064941406, 35.306121826171875
46.081634521484375, 35.1224479675293
63.53061294555664, 35.1224479675293
63.53061294555664, 35.1224479675293
63.53061294555664, 35.1224479675293
69.06705474853516, 69.38775634765625
65.86006164550781, 68.74635314941406
65.7798843383789, 68.90670776367188
63.85568618774414, 68.90670776367188
65.61953735351562, 69.54810333251953
65.86006164550781, 70.349853515625
60.08746337890625, 67.70408630371094
60.08746337890625, 67.70408630371094
60.08746337890625, 67.70408630371094
46.60377502441406, 48.71697998046875
48.41509246826172, 48.71697998046875
48.867923736572266, 45.24528503417969
47.50943374633789, 46.905662536621094
43.132076263427734, 47.056602478027344
47.50943374633789, 46.905662536621094
44.18867874145508, 45.69811248779297
45.69811248779297, 44.641510009765625
44.49056625366211, 46.150943756103516
45.39622497558594, 44.339622497558594
44.49056625366211, 46.150943756103516
47.358489990234375, 45.24528503417969
45.39622497558594, 47.358489990234375
47.358489990234375, 45.24528503417969
44.79245376586914, 46.60377502441406
47.358489990234375, 45.24528503417969
44.79245376586914, 46.60377502441406
46.905662536621094, 45.24528503417969
44.79245376586914, 46.60377502441406
46.905662536621094, 45.24528503417969
45.24528503417969, 46.0
46.905662536621094, 45.24528503417969
45.24528503417969, 46.0
46.30188751220703, 45.24528503417969
45.69811248779297, 46.60377502441406
47.358489990234375, 44.79245376586914
45.69811248779297, 46.60377502441406
47.358489990234375, 44.79245376586914
45.69811248779297, 46.60377502441406
47.358489990234375, 44.79245376586914
44.03773498535156, 43.58490753173828
42.98113250732422, 42.8301887512207
44.79245376586914, 43.4339599609375
43.4339599609375, 45.24528503417969
44.943397521972656, 45.849056243896484
44.49056625366211, 47.20754623413086
45.094337463378906, 45.849056243896484
46.75471496582031, 43.28302001953125
45.39622497558594, 45.54716873168945
46.75471496582031, 43.28302001953125
44.339622497558594, 43.88679122924805
44.79245376586914, 44.49056625366211
44.79245376586914, 42.67924499511719
43.28302001953125, 43.4339599609375
43.4339599609375, 41.01886749267578
43.28302001953125, 43.4339599609375
43.4339599609375, 43.4339599609375
43.132076263427734, 44.18867874145508
44.49056625366211, 42.075469970703125
43.132076263427734, 44.18867874145508
44.339622497558594, 41.924530029296875
42.98113250732422, 43.132076263427734
44.339622497558594, 41.924530029296875
42.377357482910156, 43.4339599609375
42.67924499511719, 41.01886749267578
42.075469970703125, 42.22641372680664
42.67924499511719, 41.01886749267578
42.075469970703125, 42.22641372680664
41.622642517089844, 40.5660400390625
41.77358627319336, 41.924530029296875
41.622642517089844, 40.5660400390625
41.77358627319336, 41.32075500488281
42.22641372680664, 43.88679122924805
42.52830123901367, 39.358489990234375
41.924530029296875, 40.5660400390625
41.32075500488281, 41.32075500488281
41.32075500488281, 41.32075500488281
41.32075500488281, 41.32075500488281
42.22641372680664, 41.1698112487793
40.867923736572266, 40.41509246826172
39.96226501464844, 42.075469970703125
40.26415252685547, 41.622642517089844
40.11320877075195, 41.32075500488281
40.11320877075195, 41.32075500488281
40.11320877075195, 41.32075500488281
40.11320877075195, 41.32075500488281
40.41509246826172, 41.924530029296875
40.41509246826172, 39.358489990234375
40.41509246826172, 41.924530029296875
39.50943374633789, 40.71697998046875
41.32075500488281, 40.5660400390625
39.96226501464844, 41.01886749267578
41.32075500488281, 39.96226501464844
46.142059326171875, 45.250694274902344
45.80780029296875, 45.696380615234375
45.696380615234375, 45.919219970703125
45.80780029296875, 45.696380615234375
45.696380615234375, 45.919219970703125
46.0306396484375, 46.69916534423828
46.92200469970703, 45.696380615234375
46.0306396484375, 46.69916534423828
46.92200469970703, 45.696380615234375
46.0306396484375, 46.69916534423828
46.92200469970703, 45.696380615234375
46.0306396484375, 46.69916534423828
46.36490249633789, 44.47075271606445
46.0306396484375, 46.69916534423828
46.36490249633789, 44.47075271606445
46.0306396484375, 46.69916534423828
46.36490249633789, 44.47075271606445
46.0306396484375, 46.69916534423828
46.36490249633789, 44.47075271606445
46.0306396484375, 46.69916534423828
46.0306396484375, 46.69916534423828
45.13927459716797, 45.919219970703125
45.250694274902344, 45.80780029296875
45.362117767333984, 46.476322174072266
45.250694274902344, 46.36490249633789
44.6935920715332, 46.142059326171875
45.47353744506836, 47.033424377441406
45.696380615234375, 47.59053039550781
45.696380615234375, 47.59053039550781
45.696380615234375, 47.59053039550781
47.59053039550781, 46.92200469970703
47.59053039550781, 47.14484786987305
47.47911071777344, 47.59053039550781
47.59053039550781, 47.14484786987305
47.47911071777344, 47.59053039550781
46.92200469970703, 46.142059326171875
46.476322174072266, 45.80780029296875
45.362117767333984, 45.696380615234375
46.476322174072266, 45.80780029296875
45.362117767333984, 45.696380615234375
46.476322174072266, 45.80780029296875
45.362117767333984, 45.696380615234375
44.91643524169922, 44.805015563964844
45.13927459716797, 45.13927459716797
45.250694274902344, 45.250694274902344
44.58217239379883, 44.6935920715332
45.250694274902344, 45.250694274902344
44.58217239379883, 44.6935920715332
44.35932922363281, 44.6935920715332
44.58217239379883, 45.919219970703125
45.250694274902344, 45.250694274902344
44.58217239379883, 45.919219970703125
45.250694274902344, 45.250694274902344
44.58217239379883, 45.919219970703125
45.027854919433594, 45.47353744506836
45.696380615234375, 45.362117767333984
45.027854919433594, 45.47353744506836
45.696380615234375, 45.362117767333984
45.027854919433594, 45.362117767333984
45.696380615234375, 45.362117767333984
43.91365051269531, 44.13648986816406
44.13648986816406, 43.91365051269531
43.80222702026367, 44.47075271606445
44.13648986816406, 43.91365051269531
43.46796798706055, 45.027854919433594
44.13648986816406, 43.91365051269531
43.46796798706055, 45.027854919433594
44.13648986816406, 43.91365051269531
43.46796798706055, 45.027854919433594
44.13648986816406, 43.91365051269531
43.46796798706055, 45.027854919433594
44.24790954589844, 44.13648986816406
43.46796798706055, 45.027854919433594
44.24790954589844, 44.13648986816406
43.46796798706055, 45.027854919433594
44.35932922363281, 44.58217239379883
45.13927459716797, 44.6935920715332
44.24790954589844, 44.13648986816406
43.80222702026367, 44.24790954589844
43.91365051269531, 44.13648986816406
44.13648986816406, 44.47075271606445
44.91643524169922, 44.58217239379883
43.80222702026367, 44.805015563964844
44.91643524169922, 44.58217239379883
43.80222702026367, 44.805015563964844
44.91643524169922, 44.58217239379883
44.35932922363281, 44.58217239379883
45.13927459716797, 44.02507019042969
44.24790954589844, 44.6935920715332
44.47075271606445, 44.13648986816406
44.47075271606445, 44.47075271606445
44.24790954589844, 43.91365051269531
43.57938766479492, 43.80222702026367
44.24790954589844, 43.91365051269531
43.57938766479492, 43.80222702026367
44.35932922363281, 44.47075271606445
44.24790954589844, 44.6935920715332
44.47075271606445, 44.13648986816406
44.47075271606445, 44.47075271606445
44.24790954589844, 43.91365051269531
43.57938766479492, 43.80222702026367
44.24790954589844, 43.91365051269531
43.57938766479492, 43.80222702026367
44.35932922363281, 44.47075271606445
44.47075271606445, 44.13648986816406
44.24790954589844, 43.91365051269531
43.57938766479492, 43.80222702026367
44.35932922363281, 44.47075271606445
44.47075271606445, 44.13648986816406
44.24790954589844, 43.91365051269531
43.57938766479492, 43.80222702026367
44.47075271606445, 44.35932922363281
43.133705139160156, 44.13648986816406
44.47075271606445, 44.35932922363281
43.133705139160156, 44.13648986816406
44.13648986816406, 43.91365051269531
42.91086196899414, 44.02507019042969
44.13648986816406, 43.91365051269531
42.91086196899414, 44.02507019042969
43.80222702026367, 44.24790954589844
44.91643524169922, 44.58217239379883
44.13648986816406, 43.91365051269531
42.91086196899414, 44.02507019042969
43.80222702026367, 44.24790954589844
44.91643524169922, 44.58217239379883
44.13648986816406, 44.02507019042969
42.91086196899414, 44.02507019042969
44.02507019042969, 44.13648986816406
44.91643524169922, 44.58217239379883
44.13648986816406, 44.02507019042969
42.91086196899414, 44.02507019042969
44.02507019042969, 44.13648986816406
44.91643524169922, 44.58217239379883
44.13648986816406, 44.02507019042969
43.24512481689453, 43.80222702026367
44.02507019042969, 44.13648986816406
43.80222702026367, 44.805015563964844
44.91643524169922, 44.58217239379883
44.35932922363281, 44.58217239379883
44.47075271606445, 44.13648986816406
44.47075271606445, 44.47075271606445
44.24790954589844, 43.91365051269531
43.57938766479492, 43.80222702026367
44.35932922363281, 44.47075271606445
44.47075271606445, 44.13648986816406
44.24790954589844, 43.91365051269531
43.57938766479492, 43.80222702026367
44.35932922363281, 44.47075271606445
44.47075271606445, 44.13648986816406
44.24790954589844, 43.91365051269531
43.57938766479492, 43.80222702026367
44.47075271606445, 44.35932922363281
43.133705139160156, 44.13648986816406
44.47075271606445, 44.35932922363281
43.133705139160156, 44.13648986816406
44.13648986816406, 43.91365051269531
42.91086196899414, 44.02507019042969
44.13648986816406, 43.91365051269531
42.91086196899414, 44.02507019042969
43.80222702026367, 44.24790954589844
46.92200469970703, 46.142059326171875
46.36490249633789, 45.250694274902344
45.250694274902344, 45.027854919433594
44.805015563964844, 44.47075271606445
44.805015563964844, 44.47075271606445
44.6935920715332, 44.58217239379883
45.13927459716797, 46.142059326171875
44.805015563964844, 44.35932922363281
42.799442291259766, 44.47075271606445
42.91086196899414, 43.02228546142578
43.133705139160156, 42.91086196899414
45.250694274902344, 45.696380615234375
45.250694274902344, 45.919219970703125
45.47353744506836, 45.584957122802734
45.919219970703125, 45.80780029296875
45.362117767333984, 45.919219970703125
44.6935920715332, 45.696380615234375
44.6935920715332, 45.696380615234375
44.24790954589844, 45.919219970703125
44.24790954589844, 45.919219970703125
44.24790954589844, 45.919219970703125
46.36490249633789, 45.027854919433594
45.027854919433594, 46.0306396484375
46.36490249633789, 45.027854919433594
45.027854919433594, 46.0306396484375
46.36490249633789, 45.027854919433594
45.027854919433594, 46.0306396484375
45.027854919433594, 44.47075271606445
45.027854919433594, 46.0306396484375
45.584957122802734, 44.58217239379883
44.91643524169922, 44.805015563964844
44.58217239379883, 44.805015563964844
44.91643524169922, 44.805015563964844
44.58217239379883, 44.805015563964844
44.91643524169922, 44.805015563964844
44.58217239379883, 44.805015563964844
44.91643524169922, 44.805015563964844
44.58217239379883, 44.805015563964844
44.91643524169922, 44.805015563964844
44.58217239379883, 44.805015563964844
48.37047576904297, 48.37047576904297
47.59053039550781, 48.92757797241211
48.37047576904297, 48.37047576904297
47.59053039550781, 48.92757797241211
48.37047576904297, 48.37047576904297
47.59053039550781, 48.92757797241211
48.481895446777344, 47.81336975097656
47.59053039550781, 48.92757797241211
47.3676872253418, 46.69916534423828
46.36490249633789, 47.47911071777344
47.3676872253418, 46.69916534423828
46.36490249633789, 47.47911071777344
47.3676872253418, 46.69916534423828
46.36490249633789, 47.47911071777344
47.3676872253418, 46.69916534423828
46.36490249633789, 47.47911071777344
46.476322174072266, 45.919219970703125
46.36490249633789, 47.47911071777344
46.476322174072266, 45.919219970703125
46.36490249633789, 47.47911071777344
46.476322174072266, 45.919219970703125
46.36490249633789, 47.47911071777344
46.36490249633789, 47.47911071777344
46.476322174072266, 45.919219970703125
46.36490249633789, 47.47911071777344
46.0306396484375, 47.70195007324219
46.142059326171875, 47.47911071777344
47.14484786987305, 46.69916534423828
45.47353744506836, 46.36490249633789
46.69916534423828, 45.362117767333984
45.250694274902344, 45.919219970703125
45.47353744506836, 46.36490249633789
45.13927459716797, 45.80780029296875
45.13927459716797, 45.80780029296875
45.919219970703125, 46.0306396484375
45.919219970703125, 46.0306396484375
45.919219970703125, 46.0306396484375
46.587745666503906, 46.69916534423828
47.033424377441406, 46.92200469970703
46.587745666503906, 46.69916534423828
47.033424377441406, 46.92200469970703
46.587745666503906, 46.69916534423828
47.033424377441406, 46.92200469970703
46.69916534423828, 46.0306396484375
47.033424377441406, 46.36490249633789
46.253482818603516, 47.70195007324219
46.810585021972656, 47.70195007324219
46.587745666503906, 46.69916534423828
47.033424377441406, 46.92200469970703
47.033424377441406, 46.253482818603516
46.810585021972656, 47.70195007324219
47.033424377441406, 46.253482818603516
46.810585021972656, 47.70195007324219
47.25626754760742, 46.253482818603516
46.92200469970703, 47.033424377441406
47.25626754760742, 46.253482818603516
46.92200469970703, 47.033424377441406
47.25626754760742, 46.253482818603516
46.92200469970703, 47.033424377441406
46.810585021972656, 45.919219970703125
46.92200469970703, 47.033424377441406
46.810585021972656, 45.919219970703125
46.92200469970703, 47.033424377441406
46.810585021972656, 45.919219970703125
46.92200469970703, 47.033424377441406
46.92200469970703, 47.033424377441406
46.810585021972656, 45.919219970703125
46.92200469970703, 47.033424377441406
46.810585021972656, 45.919219970703125
46.587745666503906, 47.70195007324219
47.25626754760742, 48.03621292114258
46.476322174072266, 46.92200469970703
46.253482818603516, 45.696380615234375
47.14484786987305, 46.36490249633789
45.80780029296875, 47.81336975097656
46.587745666503906, 46.69916534423828
46.587745666503906, 45.919219970703125
46.587745666503906, 46.69916534423828
45.696380615234375, 45.80780029296875
45.696380615234375, 45.80780029296875
45.696380615234375, 45.80780029296875
45.696380615234375, 45.80780029296875
44.47075271606445, 44.47075271606445
44.24790954589844, 44.6935920715332
44.47075271606445, 44.47075271606445
44.24790954589844, 44.6935920715332
44.47075271606445, 44.47075271606445
44.24790954589844, 44.6935920715332
43.80222702026367, 44.13648986816406
44.13648986816406, 45.362117767333984
44.13648986816406, 45.919219970703125
45.027854919433594, 45.919219970703125
45.027854919433594, 45.919219970703125
44.6935920715332, 46.36490249633789
45.47353744506836, 46.92200469970703
45.47353744506836, 47.70195007324219
45.47353744506836, 47.70195007324219
48.03621292114258, 48.03621292114258
47.25626754760742, 47.59053039550781
47.3676872253418, 48.03621292114258
47.033424377441406, 48.25905227661133
46.36490249633789, 47.81336975097656
47.033424377441406, 47.59053039550781
47.14484786987305, 47.70195007324219
46.36490249633789, 47.14484786987305
46.36490249633789, 47.14484786987305
46.36490249633789, 47.14484786987305
45.696380615234375, 46.587745666503906
46.69916534423828, 47.47911071777344
46.587745666503906, 46.92200469970703
47.033424377441406, 46.142059326171875
47.033424377441406, 47.3676872253418
47.3676872253418, 46.142059326171875
47.3676872253418, 47.25626754760742
47.47911071777344, 47.14484786987305
46.810585021972656, 46.36490249633789
47.033424377441406, 46.253482818603516
47.3676872253418, 46.69916534423828
46.587745666503906, 47.14484786987305
47.3676872253418, 46.69916534423828
45.584957122802734, 47.25626754760742
45.696380615234375, 47.033424377441406
45.47353744506836, 46.0306396484375
45.919219970703125, 47.033424377441406
46.587745666503906, 46.92200469970703
46.587745666503906, 46.92200469970703
47.59053039550781, 46.810585021972656
47.3676872253418, 47.25626754760742
47.3676872253418, 47.25626754760742
47.3676872253418, 47.25626754760742
47.47911071777344, 46.36490249633789
47.3676872253418, 46.69916534423828
46.587745666503906, 47.14484786987305
45.80780029296875, 46.92200469970703
46.69916534423828, 45.696380615234375
45.47353744506836, 46.36490249633789
45.47353744506836, 46.0306396484375
45.919219970703125, 47.033424377441406
46.587745666503906, 46.92200469970703
46.587745666503906, 46.92200469970703
47.033424377441406, 46.142059326171875
47.3676872253418, 47.25626754760742
47.3676872253418, 47.25626754760742
47.3676872253418, 47.25626754760742
47.47911071777344, 46.36490249633789
47.3676872253418, 46.69916534423828
46.587745666503906, 47.14484786987305
45.80780029296875, 46.92200469970703
46.69916534423828, 45.696380615234375
45.696380615234375, 47.033424377441406
45.47353744506836, 46.0306396484375
45.919219970703125, 47.033424377441406
46.587745666503906, 46.92200469970703
46.587745666503906, 46.92200469970703
47.033424377441406, 46.142059326171875
47.3676872253418, 47.25626754760742
47.3676872253418, 47.25626754760742
47.3676872253418, 47.25626754760742
47.47911071777344, 46.36490249633789
47.3676872253418, 46.69916534423828
46.587745666503906, 47.14484786987305
47.033424377441406, 46.587745666503906
45.13927459716797, 46.810585021972656
45.47353744506836, 46.36490249633789
45.47353744506836, 46.0306396484375
46.253482818603516, 47.47911071777344
46.587745666503906, 46.92200469970703
46.587745666503906, 46.92200469970703
46.476322174072266, 46.253482818603516
46.587745666503906, 46.587745666503906
47.3676872253418, 47.25626754760742
48.14763259887695, 48.14763259887695
47.47911071777344, 46.36490249633789
47.3676872253418, 46.69916534423828
47.033424377441406, 46.587745666503906
46.142059326171875, 46.69916534423828
45.47353744506836, 46.69916534423828
45.696380615234375, 47.033424377441406
45.13927459716797, 46.69916534423828
46.253482818603516, 47.47911071777344
46.587745666503906, 46.92200469970703
46.810585021972656, 46.476322174072266
46.142059326171875, 46.69916534423828
46.587745666503906, 46.587745666503906
46.587745666503906, 46.587745666503906
47.81336975097656, 47.59053039550781
47.3676872253418, 46.810585021972656
47.033424377441406, 46.587745666503906
47.033424377441406, 46.587745666503906
46.142059326171875, 46.69916534423828
45.47353744506836, 46.69916534423828
45.47353744506836, 46.69916534423828
46.587745666503906, 46.69916534423828
46.587745666503906, 46.587745666503906
46.587745666503906, 46.587745666503906
45.47353744506836, 46.69916534423828
46.587745666503906, 46.69916534423828
46.587745666503906, 46.587745666503906
46.587745666503906, 46.587745666503906
45.47353744506836, 46.69916534423828
46.587745666503906, 46.69916534423828
46.587745666503906, 46.587745666503906
46.587745666503906, 46.587745666503906
44.91643524169922, 45.250694274902344
45.47353744506836, 45.696380615234375
45.696380615234375, 46.587745666503906
45.027854919433594, 47.033424377441406
45.027854919433594, 47.033424377441406
46.476322174072266, 46.142059326171875
46.587745666503906, 46.587745666503906
46.92200469970703, 45.919219970703125
46.810585021972656, 46.142059326171875
47.25626754760742, 46.587745666503906
47.033424377441406, 46.587745666503906
47.033424377441406, 46.142059326171875
47.3676872253418, 46.92200469970703
47.14484786987305, 46.587745666503906
46.142059326171875, 46.69916534423828
46.142059326171875, 46.69916534423828
45.80780029296875, 46.0306396484375
45.13927459716797, 45.47353744506836
44.47075271606445, 45.80780029296875
44.02507019042969, 46.92200469970703
45.584957122802734, 46.69916534423828
45.584957122802734, 47.033424377441406
45.027854919433594, 47.033424377441406
45.250694274902344, 46.36490249633789
46.0306396484375, 46.142059326171875
46.0306396484375, 46.142059326171875
46.0306396484375, 46.142059326171875
45.80780029296875, 45.584957122802734
45.47353744506836, 46.587745666503906
45.80780029296875, 45.584957122802734
45.47353744506836, 46.587745666503906
45.80780029296875, 45.584957122802734
45.47353744506836, 46.587745666503906
45.250694274902344, 44.91643524169922
45.47353744506836, 46.587745666503906
45.919219970703125, 45.250694274902344
45.696380615234375, 45.584957122802734
45.47353744506836, 45.584957122802734
45.696380615234375, 45.584957122802734
45.47353744506836, 45.584957122802734
45.696380615234375, 45.584957122802734
45.47353744506836, 45.584957122802734
45.696380615234375, 45.584957122802734
45.47353744506836, 45.584957122802734
45.696380615234375, 45.584957122802734
45.47353744506836, 45.584957122802734
47.92478942871094, 47.14484786987305
48.03621292114258, 46.587745666503906
48.14763259887695, 46.587745666503906
48.03621292114258, 46.69916534423828
47.81336975097656, 47.25626754760742
47.81336975097656, 47.25626754760742
47.81336975097656, 47.25626754760742
47.3676872253418, 47.033424377441406
45.584957122802734, 45.919219970703125
45.584957122802734, 47.14484786987305
46.36490249633789, 46.69916534423828
45.13927459716797, 45.919219970703125
44.58217239379883, 45.584957122802734
45.584957122802734, 45.696380615234375
45.13927459716797, 45.13927459716797
45.13927459716797, 45.13927459716797
45.13927459716797, 45.13927459716797
45.13927459716797, 45.13927459716797
45.696380615234375, 45.47353744506836
45.696380615234375, 45.47353744506836
46.142059326171875, 45.80780029296875
46.69916534423828, 46.253482818603516
47.14484786987305, 46.92200469970703
47.033424377441406, 47.033424377441406
47.47911071777344, 47.47911071777344
47.47911071777344, 47.47911071777344
47.47911071777344, 47.47911071777344
47.47911071777344, 47.47911071777344
47.47911071777344, 47.47911071777344
47.25626754760742, 47.25626754760742
46.476322174072266, 46.92200469970703
45.250694274902344, 46.0306396484375
46.587745666503906, 45.362117767333984
46.587745666503906, 45.362117767333984
46.587745666503906, 45.362117767333984
45.584957122802734, 45.362117767333984
45.584957122802734, 46.142059326171875
45.584957122802734, 45.362117767333984
45.584957122802734, 46.142059326171875
45.584957122802734, 45.362117767333984
45.584957122802734, 46.142059326171875
45.362117767333984, 45.13927459716797
45.584957122802734, 46.142059326171875
45.80780029296875, 45.919219970703125
46.253482818603516, 46.0306396484375
45.80780029296875, 45.919219970703125
46.253482818603516, 46.0306396484375
45.80780029296875, 45.919219970703125
45.80780029296875, 45.027854919433594
45.80780029296875, 45.919219970703125
45.80780029296875, 45.027854919433594
46.587745666503906, 45.584957122802734
45.80780029296875, 46.36490249633789
46.587745666503906, 45.584957122802734
45.80780029296875, 46.36490249633789
46.587745666503906, 45.584957122802734
45.80780029296875, 46.36490249633789
46.587745666503906, 45.584957122802734
45.80780029296875, 46.36490249633789
46.587745666503906, 45.584957122802734
45.80780029296875, 46.36490249633789
45.80780029296875, 46.36490249633789
46.587745666503906, 45.584957122802734
45.80780029296875, 46.36490249633789
46.587745666503906, 45.584957122802734
45.919219970703125, 47.70195007324219
47.033424377441406, 46.69916534423828
45.919219970703125, 47.70195007324219
47.033424377441406, 46.69916534423828
45.919219970703125, 47.70195007324219
47.033424377441406, 46.69916534423828
45.13927459716797, 46.69916534423828
46.587745666503906, 46.142059326171875
45.13927459716797, 46.69916534423828
46.587745666503906, 46.142059326171875
45.80780029296875, 46.36490249633789
46.92200469970703, 46.69916534423828
45.13927459716797, 45.80780029296875
46.92200469970703, 46.69916534423828
45.13927459716797, 45.80780029296875
46.476322174072266, 46.253482818603516
45.13927459716797, 45.80780029296875
46.476322174072266, 46.253482818603516
45.13927459716797, 45.80780029296875
46.476322174072266, 46.253482818603516
45.13927459716797, 45.80780029296875
46.476322174072266, 46.253482818603516
44.47075271606445, 44.805015563964844
46.476322174072266, 46.253482818603516
44.47075271606445, 44.805015563964844
46.36490249633789, 44.24790954589844
44.47075271606445, 44.805015563964844
46.36490249633789, 44.24790954589844
44.47075271606445, 44.805015563964844
46.0306396484375, 44.6935920715332
44.47075271606445, 44.805015563964844
46.0306396484375, 44.6935920715332
45.13927459716797, 45.696380615234375
46.0306396484375, 44.6935920715332
45.13927459716797, 45.696380615234375
46.0306396484375, 44.6935920715332
45.13927459716797, 45.696380615234375
46.0306396484375, 44.6935920715332
44.91643524169922, 44.6935920715332
46.0306396484375, 44.24790954589844
45.362117767333984, 46.36490249633789
45.696380615234375, 44.805015563964844
45.362117767333984, 46.36490249633789
45.696380615234375, 44.805015563964844
45.362117767333984, 46.36490249633789
45.696380615234375, 44.805015563964844
45.362117767333984, 46.36490249633789
44.6935920715332, 45.027854919433594
45.362117767333984, 46.810585021972656
46.0306396484375, 44.6935920715332
46.253482818603516, 45.584957122802734
44.6935920715332, 45.027854919433594
46.253482818603516, 45.584957122802734
44.6935920715332, 45.027854919433594
46.253482818603516, 45.584957122802734
44.6935920715332, 45.027854919433594
45.919219970703125, 45.13927459716797
45.250694274902344, 45.47353744506836
45.919219970703125, 45.13927459716797
45.250694274902344, 45.47353744506836
45.919219970703125, 45.13927459716797
45.362117767333984, 44.6935920715332
45.362117767333984, 44.805015563964844
45.362117767333984, 46.36490249633789
45.13927459716797, 45.250694274902344
46.142059326171875, 44.6935920715332
45.696380615234375, 45.584957122802734
45.362117767333984, 46.587745666503906
45.696380615234375, 45.584957122802734
45.362117767333984, 46.587745666503906
45.696380615234375, 45.584957122802734
45.362117767333984, 46.587745666503906
45.13927459716797, 45.696380615234375
45.47353744506836, 45.47353744506836
44.805015563964844, 45.13927459716797
45.47353744506836, 45.47353744506836
44.805015563964844, 45.13927459716797
46.142059326171875, 44.6935920715332
44.805015563964844, 45.13927459716797
46.142059326171875, 44.6935920715332
44.805015563964844, 45.584957122802734
45.584957122802734, 45.584957122802734
44.805015563964844, 45.584957122802734
45.584957122802734, 45.584957122802734
44.805015563964844, 45.584957122802734
45.584957122802734, 45.584957122802734
44.91643524169922, 45.027854919433594
45.584957122802734, 45.584957122802734
44.91643524169922, 45.027854919433594
45.584957122802734, 45.584957122802734
44.91643524169922, 45.027854919433594
45.584957122802734, 45.584957122802734
45.696380615234375, 45.027854919433594
46.0306396484375, 46.0306396484375
45.13927459716797, 46.36490249633789
45.47353744506836, 45.696380615234375
45.13927459716797, 45.47353744506836
45.584957122802734, 45.584957122802734
45.362117767333984, 45.13927459716797
45.47353744506836, 45.47353744506836
45.13927459716797, 46.36490249633789
45.47353744506836, 45.47353744506836
45.13927459716797, 46.36490249633789
44.91643524169922, 45.027854919433594
44.91643524169922, 45.47353744506836
45.696380615234375, 44.805015563964844
45.47353744506836, 45.027854919433594
45.696380615234375, 45.027854919433594
45.919219970703125, 46.142059326171875
45.362117767333984, 45.13927459716797
45.919219970703125, 46.142059326171875
45.362117767333984, 45.13927459716797
45.362117767333984, 45.696380615234375
45.362117767333984, 45.13927459716797
45.362117767333984, 45.696380615234375
45.47353744506836, 45.027854919433594
45.696380615234375, 45.362117767333984
45.919219970703125, 46.142059326171875
45.696380615234375, 45.362117767333984
45.919219970703125, 46.142059326171875
45.696380615234375, 45.362117767333984
45.919219970703125, 46.142059326171875
45.584957122802734, 45.919219970703125
45.47353744506836, 45.027854919433594
45.584957122802734, 45.919219970703125
45.47353744506836, 45.027854919433594
45.47353744506836, 45.47353744506836
45.696380615234375, 45.362117767333984
45.919219970703125, 46.142059326171875
45.696380615234375, 45.362117767333984
45.919219970703125, 46.142059326171875
45.584957122802734, 45.919219970703125
45.47353744506836, 45.47353744506836
45.584957122802734, 45.919219970703125
45.47353744506836, 45.47353744506836
45.47353744506836, 45.47353744506836
45.696380615234375, 45.362117767333984
48.37047576904297, 47.70195007324219
47.92478942871094, 48.03621292114258
48.37047576904297, 47.70195007324219
47.92478942871094, 48.03621292114258
47.81336975097656, 47.3676872253418
47.92478942871094, 48.03621292114258
48.03621292114258, 47.25626754760742
48.37047576904297, 47.70195007324219
47.92478942871094, 48.03621292114258
48.37047576904297, 47.70195007324219
47.92478942871094, 48.03621292114258
48.37047576904297, 47.70195007324219
47.92478942871094, 48.03621292114258
47.81336975097656, 47.3676872253418
47.92478942871094, 48.03621292114258
47.81336975097656, 47.3676872253418
47.92478942871094, 48.03621292114258
47.92478942871094, 46.587745666503906
47.59053039550781, 47.3676872253418
47.59053039550781, 47.3676872253418
47.59053039550781, 47.3676872253418
47.59053039550781, 47.3676872253418
47.14484786987305, 48.37047576904297
46.36490249633789, 47.92478942871094
46.36490249633789, 47.92478942871094
46.36490249633789, 47.3676872253418
46.0306396484375, 46.92200469970703
46.476322174072266, 47.14484786987305
46.476322174072266, 47.3676872253418
46.476322174072266, 47.3676872253418
46.476322174072266, 47.3676872253418
46.810585021972656, 47.70195007324219
47.14484786987305, 46.92200469970703
48.03621292114258, 47.47911071777344
47.70195007324219, 47.47911071777344
47.70195007324219, 47.47911071777344
48.03621292114258, 47.70195007324219
47.25626754760742, 46.69916534423828
47.59053039550781, 47.3676872253418
47.59053039550781, 47.3676872253418
47.59053039550781, 47.3676872253418
47.59053039550781, 47.3676872253418
46.36490249633789, 47.92478942871094
46.36490249633789, 47.92478942871094
46.36490249633789, 47.3676872253418
46.36490249633789, 47.3676872253418
46.36490249633789, 47.3676872253418
46.0306396484375, 46.92200469970703
45.80780029296875, 47.59053039550781
46.476322174072266, 47.3676872253418
46.476322174072266, 47.3676872253418
46.476322174072266, 47.3676872253418
47.14484786987305, 46.587745666503906
46.810585021972656, 47.70195007324219
47.14484786987305, 46.92200469970703
48.03621292114258, 47.47911071777344
47.70195007324219, 47.47911071777344
47.70195007324219, 47.47911071777344
47.92478942871094, 46.587745666503906
48.03621292114258, 49.2618408203125
48.03621292114258, 48.92757797241211
48.704734802246094, 48.481895446777344
47.47911071777344, 47.3676872253418
48.14763259887695, 47.033424377441406
47.70195007324219, 47.47911071777344
47.70195007324219, 47.47911071777344
46.142059326171875, 47.25626754760742
47.14484786987305, 47.92478942871094
46.810585021972656, 47.47911071777344
47.14484786987305, 48.25905227661133
47.3676872253418, 49.038997650146484
47.47911071777344, 48.37047576904297
47.14484786987305, 47.59053039550781
47.14484786987305, 47.59053039550781
46.36490249633789, 47.25626754760742
47.033424377441406, 45.919219970703125
46.92200469970703, 46.69916534423828
46.69916534423828, 46.476322174072266
46.69916534423828, 46.476322174072266
47.3676872253418, 46.92200469970703
46.253482818603516, 46.142059326171875
48.03621292114258, 45.250694274902344
47.59053039550781, 46.587745666503906
48.03621292114258, 46.476322174072266
47.81336975097656, 46.36490249633789
47.81336975097656, 46.36490249633789
47.81336975097656, 46.36490249633789
47.81336975097656, 47.59053039550781
47.14484786987305, 47.14484786987305
46.69916534423828, 46.253482818603516
45.919219970703125, 47.25626754760742
45.919219970703125, 47.25626754760742
50.487464904785156, 48.81615447998047
49.373260498046875, 48.37047576904297
49.15041732788086, 49.70751953125
49.373260498046875, 48.37047576904297
49.15041732788086, 49.70751953125
49.930362701416016, 48.59331512451172
48.25905227661133, 49.596099853515625
49.930362701416016, 48.59331512451172
48.25905227661133, 49.596099853515625
49.930362701416016, 48.59331512451172
48.25905227661133, 49.596099853515625
49.930362701416016, 48.59331512451172
48.25905227661133, 49.596099853515625
49.930362701416016, 48.59331512451172
48.25905227661133, 49.596099853515625
49.930362701416016, 48.59331512451172
45.584957122802734, 44.6935920715332
44.6935920715332, 44.6935920715332
44.35932922363281, 44.47075271606445
44.6935920715332, 44.6935920715332
44.35932922363281, 44.47075271606445
44.35932922363281, 44.91643524169922
45.250694274902344, 45.47353744506836
45.362117767333984, 45.362117767333984
45.250694274902344, 45.47353744506836
45.362117767333984, 45.362117767333984
45.250694274902344, 45.47353744506836
44.805015563964844, 45.027854919433594
44.91643524169922, 44.58217239379883
44.805015563964844, 45.027854919433594
44.91643524169922, 44.58217239379883
45.13927459716797, 45.250694274902344
44.91643524169922, 44.58217239379883
45.13927459716797, 44.35932922363281
43.57938766479492, 43.80222702026367
45.362117767333984, 44.58217239379883
44.13648986816406, 44.24790954589844
45.027854919433594, 44.805015563964844
44.13648986816406, 44.24790954589844
45.027854919433594, 44.805015563964844
44.13648986816406, 44.24790954589844
45.027854919433594, 44.805015563964844
43.6908073425293, 44.13648986816406
44.13648986816406, 44.24790954589844
45.696380615234375, 44.47075271606445
44.13648986816406, 44.24790954589844
45.696380615234375, 44.47075271606445
44.13648986816406, 44.24790954589844
44.805015563964844, 45.027854919433594
45.250694274902344, 45.47353744506836
45.47353744506836, 44.58217239379883
45.250694274902344, 45.47353744506836
45.47353744506836, 44.58217239379883
45.696380615234375, 45.250694274902344
44.02507019042969, 45.250694274902344
45.13927459716797, 45.584957122802734
45.80780029296875, 47.033424377441406
45.47353744506836, 45.584957122802734
45.47353744506836, 45.584957122802734
45.47353744506836, 45.584957122802734
45.47353744506836, 45.584957122802734
45.47353744506836, 45.584957122802734
44.6935920715332, 44.805015563964844
43.80222702026367, 44.13648986816406
43.02228546142578, 44.02507019042969
46.92200469970703, 47.3676872253418
46.92200469970703, 47.3676872253418
47.033424377441406, 48.59331512451172
47.81336975097656, 47.81336975097656
47.033424377441406, 48.59331512451172
47.81336975097656, 47.81336975097656
47.033424377441406, 48.59331512451172
47.81336975097656, 47.81336975097656
46.69916534423828, 48.14763259887695
47.033424377441406, 48.25905227661133
47.92478942871094, 48.704734802246094
47.14484786987305, 48.481895446777344
48.03621292114258, 48.81615447998047
48.03621292114258, 48.81615447998047
47.47911071777344, 48.481895446777344
47.47911071777344, 48.481895446777344
47.47911071777344, 48.481895446777344
47.25626754760742, 47.14484786987305
47.47911071777344, 46.69916534423828
46.587745666503906, 46.810585021972656
47.47911071777344, 46.69916534423828
46.587745666503906, 46.810585021972656
46.92200469970703, 46.142059326171875
46.0306396484375, 46.810585021972656
46.92200469970703, 46.142059326171875
46.0306396484375, 46.810585021972656
46.92200469970703, 46.142059326171875
46.0306396484375, 46.810585021972656
46.92200469970703, 46.142059326171875
46.0306396484375, 46.810585021972656
46.92200469970703, 46.142059326171875
46.0306396484375, 46.810585021972656
46.92200469970703, 46.142059326171875
46.69916534423828, 45.80780029296875
46.0306396484375, 46.253482818603516
46.69916534423828, 45.80780029296875
46.0306396484375, 46.253482818603516
46.69916534423828, 45.80780029296875
46.0306396484375, 46.253482818603516
46.0306396484375, 45.80780029296875
46.0306396484375, 46.253482818603516
46.0306396484375, 45.80780029296875
45.919219970703125, 46.0306396484375
46.0306396484375, 45.80780029296875
45.919219970703125, 46.0306396484375
46.0306396484375, 45.80780029296875
45.919219970703125, 46.0306396484375
46.0306396484375, 45.80780029296875
45.919219970703125, 46.0306396484375
45.362117767333984, 45.13927459716797
45.919219970703125, 46.0306396484375
45.362117767333984, 45.13927459716797
45.919219970703125, 46.0306396484375
45.362117767333984, 45.13927459716797
45.919219970703125, 46.0306396484375
45.919219970703125, 46.0306396484375
45.362117767333984, 45.13927459716797
45.919219970703125, 46.0306396484375
46.92200469970703, 47.47911071777344
47.92478942871094, 47.70195007324219
46.92200469970703, 47.47911071777344
47.92478942871094, 47.70195007324219
46.92200469970703, 47.47911071777344
47.92478942871094, 47.70195007324219
45.80780029296875, 46.476322174072266
47.033424377441406, 46.587745666503906
45.80780029296875, 46.476322174072266
47.033424377441406, 46.587745666503906
46.142059326171875, 47.3676872253418
46.69916534423828, 46.810585021972656
46.810585021972656, 46.36490249633789
45.80780029296875, 47.25626754760742
46.587745666503906, 45.80780029296875
45.696380615234375, 46.36490249633789
46.587745666503906, 45.80780029296875
45.696380615234375, 46.36490249633789
46.587745666503906, 45.80780029296875
46.587745666503906, 45.80780029296875
45.919219970703125, 45.584957122802734
46.587745666503906, 45.250694274902344
47.47911071777344, 47.47911071777344
46.587745666503906, 47.033424377441406
47.47911071777344, 47.47911071777344
46.587745666503906, 47.033424377441406
46.142059326171875, 47.81336975097656
46.92200469970703, 47.70195007324219
47.47911071777344, 48.03621292114258
47.59053039550781, 46.476322174072266
47.14484786987305, 46.810585021972656
47.25626754760742, 47.3676872253418
47.14484786987305, 46.810585021972656
47.25626754760742, 47.3676872253418
47.47911071777344, 48.03621292114258
47.59053039550781, 46.476322174072266
47.14484786987305, 46.810585021972656
47.25626754760742, 47.3676872253418
47.14484786987305, 46.810585021972656
47.25626754760742, 47.3676872253418
47.47911071777344, 48.03621292114258
47.59053039550781, 46.476322174072266
47.14484786987305, 46.810585021972656
47.033424377441406, 47.033424377441406
45.696380615234375, 47.59053039550781
46.476322174072266, 48.37047576904297
47.81336975097656, 47.59053039550781
46.92200469970703, 47.70195007324219
47.81336975097656, 47.59053039550781
46.92200469970703, 47.70195007324219
46.92200469970703, 47.47911071777344
48.37047576904297, 46.476322174072266
46.92200469970703, 47.47911071777344
47.92478942871094, 47.70195007324219
46.92200469970703, 48.59331512451172
47.3676872253418, 47.70195007324219
47.59053039550781, 46.476322174072266
47.3676872253418, 47.70195007324219
47.59053039550781, 46.476322174072266
46.69916534423828, 46.810585021972656
46.810585021972656, 46.36490249633789
45.80780029296875, 47.25626754760742
46.587745666503906, 45.80780029296875
45.696380615234375, 46.36490249633789
46.587745666503906, 45.80780029296875
45.696380615234375, 46.36490249633789
46.587745666503906, 45.80780029296875
45.362117767333984, 45.47353744506836
46.142059326171875, 44.91643524169922
46.142059326171875, 44.91643524169922
46.587745666503906, 45.13927459716797
47.033424377441406, 45.80780029296875
47.3676872253418, 46.253482818603516
47.033424377441406, 46.36490249633789
46.587745666503906, 47.033424377441406
46.587745666503906, 47.033424377441406
46.92200469970703, 47.70195007324219
47.92478942871094, 46.810585021972656
46.92200469970703, 47.70195007324219
47.25626754760742, 47.3676872253418
47.3676872253418, 47.70195007324219
47.033424377441406, 45.80780029296875
46.92200469970703, 47.25626754760742
46.810585021972656, 46.36490249633789
46.69916534423828, 46.476322174072266
47.92478942871094, 47.14484786987305
47.47911071777344, 47.47911071777344
46.92200469970703, 47.70195007324219
46.142059326171875, 47.81336975097656
46.92200469970703, 47.70195007324219
47.3676872253418, 47.70195007324219
47.59053039550781, 46.476322174072266
47.92478942871094, 46.92200469970703
47.25626754760742, 47.3676872253418
47.92478942871094, 46.92200469970703
47.25626754760742, 47.3676872253418
47.92478942871094, 46.92200469970703
47.25626754760742, 47.3676872253418
47.92478942871094, 46.92200469970703
47.25626754760742, 47.3676872253418
47.92478942871094, 46.92200469970703
47.25626754760742, 47.3676872253418
48.14763259887695, 46.587745666503906
47.25626754760742, 47.3676872253418
48.14763259887695, 46.587745666503906
47.3676872253418, 47.70195007324219
48.14763259887695, 46.587745666503906
47.3676872253418, 47.70195007324219
48.25905227661133, 47.59053039550781
47.3676872253418, 47.70195007324219
48.25905227661133, 47.59053039550781
47.3676872253418, 47.70195007324219
47.81336975097656, 47.59053039550781
47.25626754760742, 48.03621292114258
47.81336975097656, 47.59053039550781
47.25626754760742, 48.03621292114258
47.81336975097656, 47.59053039550781
47.25626754760742, 48.03621292114258
47.81336975097656, 47.59053039550781
47.25626754760742, 48.03621292114258
47.81336975097656, 47.59053039550781
47.25626754760742, 48.03621292114258
47.81336975097656, 47.59053039550781
47.25626754760742, 48.03621292114258
47.81336975097656, 47.59053039550781
47.25626754760742, 48.03621292114258
47.81336975097656, 47.59053039550781
46.92200469970703, 47.70195007324219
47.81336975097656, 47.59053039550781
46.92200469970703, 47.70195007324219
46.92200469970703, 47.47911071777344
48.37047576904297, 46.476322174072266
46.92200469970703, 47.47911071777344
47.92478942871094, 47.70195007324219
46.92200469970703, 47.47911071777344
47.92478942871094, 47.70195007324219
46.92200469970703, 47.47911071777344
47.92478942871094, 47.70195007324219
45.919219970703125, 47.3676872253418
47.92478942871094, 47.70195007324219
45.919219970703125, 47.3676872253418
47.92478942871094, 47.70195007324219
45.919219970703125, 47.3676872253418
47.92478942871094, 47.70195007324219
45.919219970703125, 47.3676872253418
47.92478942871094, 47.70195007324219
46.810585021972656, 47.70195007324219
46.476322174072266, 47.81336975097656
47.59053039550781, 46.476322174072266
46.476322174072266, 47.81336975097656
47.59053039550781, 46.476322174072266
46.476322174072266, 47.81336975097656
47.59053039550781, 46.476322174072266
45.584957122802734, 46.476322174072266
47.033424377441406, 45.80780029296875
45.584957122802734, 46.69916534423828
46.810585021972656, 46.36490249633789
45.584957122802734, 46.69916534423828
46.587745666503906, 45.80780029296875
46.476322174072266, 45.696380615234375
46.587745666503906, 46.36490249633789
47.59053039550781, 47.14484786987305
46.92200469970703, 47.70195007324219
47.033424377441406, 47.033424377441406
45.696380615234375, 47.59053039550781
46.476322174072266, 48.37047576904297
46.810585021972656, 47.70195007324219
46.476322174072266, 47.81336975097656
47.59053039550781, 46.476322174072266
46.476322174072266, 47.81336975097656
47.59053039550781, 46.476322174072266
46.476322174072266, 47.81336975097656
47.59053039550781, 46.476322174072266
46.476322174072266, 47.81336975097656
47.59053039550781, 46.476322174072266
45.696380615234375, 48.25905227661133
47.59053039550781, 46.476322174072266
45.696380615234375, 48.25905227661133
47.59053039550781, 46.476322174072266
44.58217239379883, 47.25626754760742
45.80780029296875, 46.36490249633789
45.80780029296875, 47.033424377441406
45.696380615234375, 46.476322174072266
45.13927459716797, 45.584957122802734
45.13927459716797, 45.584957122802734
43.6908073425293, 45.13927459716797
43.6908073425293, 45.13927459716797
43.6908073425293, 45.13927459716797
47.14484786987305, 48.704734802246094
47.59053039550781, 48.37047576904297
47.70195007324219, 46.92200469970703
47.70195007324219, 47.47911071777344
46.69916534423828, 47.59053039550781
47.70195007324219, 47.47911071777344
46.92200469970703, 48.03621292114258
47.70195007324219, 47.81336975097656
48.37047576904297, 46.476322174072266
46.810585021972656, 46.69916534423828
46.0306396484375, 47.92478942871094
46.810585021972656, 46.69916534423828
46.0306396484375, 47.92478942871094
47.3676872253418, 45.80780029296875
46.0306396484375, 47.92478942871094
47.3676872253418, 45.80780029296875
47.47911071777344, 49.15041732788086
47.3676872253418, 45.80780029296875
47.47911071777344, 49.15041732788086
47.3676872253418, 45.80780029296875
47.47911071777344, 49.15041732788086
47.3676872253418, 45.80780029296875
47.81336975097656, 48.704734802246094
48.03621292114258, 45.027854919433594
48.481895446777344, 47.3676872253418
48.03621292114258, 47.47911071777344
48.59331512451172, 46.92200469970703
48.59331512451172, 46.92200469970703
46.476322174072266, 47.3676872253418
47.14484786987305, 47.81336975097656
46.587745666503906, 47.92478942871094
47.3676872253418, 47.92478942871094
47.033424377441406, 48.03621292114258
48.25905227661133, 46.142059326171875
47.59053039550781, 48.03621292114258
47.3676872253418, 45.80780029296875
47.59053039550781, 48.03621292114258
47.3676872253418, 45.80780029296875
46.92200469970703, 46.92200469970703
47.81336975097656, 49.15041732788086
48.37047576904297, 46.587745666503906
47.81336975097656, 49.15041732788086
48.37047576904297, 46.587745666503906
47.81336975097656, 49.15041732788086
48.37047576904297, 46.587745666503906
48.03621292114258, 48.03621292114258
49.2618408203125, 47.70195007324219
48.92757797241211, 46.69916534423828
48.59331512451172, 47.70195007324219
48.59331512451172, 47.70195007324219
47.70195007324219, 46.587745666503906
47.70195007324219, 46.587745666503906
46.253482818603516, 46.476322174072266
46.36490249633789, 45.919219970703125
46.253482818603516, 45.13927459716797
46.253482818603516, 45.13927459716797
46.253482818603516, 45.13927459716797
48.81615447998047, 49.70751953125
48.03621292114258, 49.596099853515625
48.704734802246094, 49.48468017578125
48.81615447998047, 49.038997650146484
48.92757797241211, 48.81615447998047
48.25905227661133, 48.704734802246094
48.25905227661133, 48.704734802246094
47.59053039550781, 47.59053039550781
47.59053039550781, 47.59053039550781
47.59053039550781, 47.59053039550781
48.25905227661133, 47.92478942871094
48.25905227661133, 47.92478942871094
47.14484786987305, 47.81336975097656
48.25905227661133, 47.92478942871094
48.481895446777344, 48.14763259887695
48.03621292114258, 47.70195007324219
50.153202056884766, 47.92478942871094
50.82172775268555, 48.14763259887695
50.264625549316406, 47.92478942871094
50.264625549316406, 47.92478942871094
50.264625549316406, 47.92478942871094
50.264625549316406, 47.92478942871094
50.264625549316406, 47.92478942871094
50.37604522705078, 48.92757797241211
50.82172775268555, 50.04178237915039
46.142059326171875, 47.92478942871094
46.253482818603516, 47.14484786987305
46.253482818603516, 47.14484786987305
46.253482818603516, 47.14484786987305
46.253482818603516, 47.14484786987305
45.584957122802734, 45.919219970703125
46.0306396484375, 46.587745666503906
46.69916534423828, 46.253482818603516
45.250694274902344, 46.253482818603516
45.584957122802734, 46.0306396484375
45.47353744506836, 45.362117767333984
46.587745666503906, 46.587745666503906
46.142059326171875, 46.36490249633789
46.587745666503906, 46.587745666503906
46.587745666503906, 46.587745666503906
46.142059326171875, 45.47353744506836
45.027854919433594, 45.80780029296875
46.0306396484375, 46.253482818603516
46.587745666503906, 46.587745666503906
45.919219970703125, 45.47353744506836
45.027854919433594, 46.0306396484375
45.919219970703125, 45.47353744506836
45.027854919433594, 46.0306396484375
46.476322174072266, 45.80780029296875
45.027854919433594, 46.0306396484375
46.476322174072266, 45.80780029296875
45.80780029296875, 46.69916534423828
46.476322174072266, 45.80780029296875
45.80780029296875, 46.69916534423828
46.476322174072266, 45.80780029296875
45.80780029296875, 46.69916534423828
46.810585021972656, 45.919219970703125
45.696380615234375, 46.69916534423828
46.810585021972656, 45.919219970703125
45.696380615234375, 46.69916534423828
46.810585021972656, 45.919219970703125
46.253482818603516, 46.476322174072266
46.810585021972656, 45.919219970703125
46.253482818603516, 46.476322174072266
46.810585021972656, 45.919219970703125
46.253482818603516, 46.476322174072266
46.810585021972656, 45.919219970703125
46.36490249633789, 46.69916534423828
46.810585021972656, 45.919219970703125
46.36490249633789, 46.69916534423828
46.810585021972656, 45.919219970703125
46.36490249633789, 46.69916534423828
46.810585021972656, 45.919219970703125
47.70195007324219, 47.59053039550781
47.70195007324219, 48.03621292114258
47.70195007324219, 47.59053039550781
47.70195007324219, 48.03621292114258
47.70195007324219, 47.59053039550781
47.70195007324219, 48.03621292114258
47.25626754760742, 46.92200469970703
47.70195007324219, 48.03621292114258
47.25626754760742, 46.587745666503906
46.69916534423828, 46.810585021972656
47.25626754760742, 46.587745666503906
46.69916534423828, 46.810585021972656
47.25626754760742, 46.587745666503906
46.69916534423828, 46.810585021972656
47.25626754760742, 46.587745666503906
46.69916534423828, 46.810585021972656
46.0306396484375, 46.0306396484375
46.69916534423828, 46.810585021972656
46.0306396484375, 46.0306396484375
46.69916534423828, 46.810585021972656
46.0306396484375, 46.0306396484375
46.69916534423828, 46.810585021972656
46.69916534423828, 46.810585021972656
46.0306396484375, 46.0306396484375
46.69916534423828, 46.810585021972656
45.027854919433594, 46.810585021972656
45.80780029296875, 47.14484786987305
46.476322174072266, 47.59053039550781
46.142059326171875, 46.587745666503906
45.919219970703125, 46.810585021972656
45.584957122802734, 46.587745666503906
45.696380615234375, 46.69916534423828
45.696380615234375, 46.69916534423828
45.696380615234375, 46.69916534423828
47.3676872253418, 46.92200469970703
48.481895446777344, 47.25626754760742
47.70195007324219, 46.810585021972656
47.3676872253418, 47.25626754760742
46.69916534423828, 46.0306396484375
46.69916534423828, 46.0306396484375
46.69916534423828, 46.0306396484375
45.919219970703125, 45.584957122802734
47.81336975097656, 50.487464904785156
47.70195007324219, 50.487464904785156
49.70751953125, 50.264625549316406
49.2618408203125, 46.810585021972656
48.92757797241211, 49.596099853515625
48.481895446777344, 47.81336975097656
49.818939208984375, 48.704734802246094
47.81336975097656, 49.70751953125
49.818939208984375, 48.704734802246094
48.481895446777344, 46.476322174072266
49.038997650146484, 47.033424377441406
49.596099853515625, 49.930362701416016
49.038997650146484, 47.033424377441406
49.596099853515625, 49.930362701416016
49.038997650146484, 47.033424377441406
49.596099853515625, 49.930362701416016
49.930362701416016, 47.70195007324219
49.596099853515625, 49.930362701416016
49.930362701416016, 47.70195007324219
49.038997650146484, 50.264625549316406
49.930362701416016, 47.70195007324219
49.038997650146484, 50.264625549316406
49.48468017578125, 48.03621292114258
49.70751953125, 49.70751953125
47.92478942871094, 49.373260498046875
49.70751953125, 49.70751953125
48.92757797241211, 50.37604522705078
49.70751953125, 49.70751953125
48.92757797241211, 50.37604522705078
49.038997650146484, 49.373260498046875
49.48468017578125, 48.03621292114258
49.038997650146484, 49.373260498046875
49.48468017578125, 48.37047576904297
49.038997650146484, 49.373260498046875
49.48468017578125, 48.37047576904297
47.14484786987305, 49.2618408203125
49.48468017578125, 48.37047576904297
47.14484786987305, 49.2618408203125
49.48468017578125, 48.37047576904297
47.14484786987305, 49.2618408203125
49.48468017578125, 48.37047576904297
47.14484786987305, 49.2618408203125
49.48468017578125, 48.37047576904297
47.70195007324219, 48.25905227661133
49.15041732788086, 47.81336975097656
47.70195007324219, 48.25905227661133
49.15041732788086, 47.81336975097656
47.70195007324219, 48.25905227661133
49.15041732788086, 47.81336975097656
47.25626754760742, 47.92478942871094
49.038997650146484, 47.47911071777344
47.25626754760742, 47.92478942871094
49.038997650146484, 47.47911071777344
46.92200469970703, 47.92478942871094
48.481895446777344, 47.47911071777344
47.033424377441406, 48.92757797241211
48.481895446777344, 47.47911071777344
47.033424377441406, 48.92757797241211
48.81615447998047, 48.37047576904297
47.033424377441406, 48.92757797241211
48.81615447998047, 48.37047576904297
47.033424377441406, 48.92757797241211
48.81615447998047, 48.37047576904297
47.033424377441406, 48.92757797241211
48.81615447998047, 48.37047576904297
47.59053039550781, 49.70751953125
48.81615447998047, 48.37047576904297
47.59053039550781, 49.70751953125
48.704734802246094, 48.481895446777344
47.59053039550781, 49.70751953125
48.704734802246094, 48.481895446777344
47.59053039550781, 49.70751953125
50.153202056884766, 47.70195007324219
47.59053039550781, 49.70751953125
50.153202056884766, 47.70195007324219
48.81615447998047, 50.04178237915039
50.153202056884766, 47.70195007324219
48.81615447998047, 50.04178237915039
50.153202056884766, 47.70195007324219
48.81615447998047, 50.04178237915039
50.153202056884766, 47.70195007324219
47.47911071777344, 48.704734802246094
49.373260498046875, 47.59053039550781
48.704734802246094, 49.038997650146484
49.373260498046875, 47.59053039550781
48.704734802246094, 49.038997650146484
49.373260498046875, 47.59053039550781
48.704734802246094, 49.038997650146484
49.373260498046875, 47.59053039550781
49.930362701416016, 48.92757797241211
48.481895446777344, 49.70751953125
49.930362701416016, 48.92757797241211
48.481895446777344, 49.70751953125
49.930362701416016, 48.92757797241211
48.81615447998047, 49.70751953125
49.930362701416016, 48.92757797241211
48.81615447998047, 49.70751953125
49.930362701416016, 48.92757797241211
48.704734802246094, 49.2618408203125
49.930362701416016, 48.92757797241211
48.704734802246094, 49.2618408203125
49.930362701416016, 48.92757797241211
46.810585021972656, 46.69916534423828
46.253482818603516, 47.14484786987305
46.810585021972656, 46.69916534423828
46.253482818603516, 47.14484786987305
46.810585021972656, 46.69916534423828
46.253482818603516, 47.14484786987305
46.142059326171875, 46.69916534423828
47.033424377441406, 47.3676872253418
46.810585021972656, 47.25626754760742
47.25626754760742, 47.033424377441406
46.810585021972656, 47.25626754760742
47.3676872253418, 47.14484786987305
46.69916534423828, 47.92478942871094
46.810585021972656, 46.476322174072266
47.033424377441406, 47.14484786987305
46.810585021972656, 46.476322174072266
47.033424377441406, 47.14484786987305
46.92200469970703, 45.696380615234375
47.3676872253418, 46.36490249633789
45.696380615234375, 46.142059326171875
47.3676872253418, 46.36490249633789
47.3676872253418, 46.36490249633789
46.0306396484375, 45.584957122802734
45.696380615234375, 46.476322174072266
46.0306396484375, 45.584957122802734
45.696380615234375, 46.476322174072266
46.587745666503906, 46.0306396484375
45.696380615234375, 46.476322174072266
46.587745666503906, 46.0306396484375
45.919219970703125, 45.696380615234375
46.36490249633789, 46.142059326171875
46.36490249633789, 46.142059326171875
46.587745666503906, 46.36490249633789
46.587745666503906, 46.36490249633789
46.142059326171875, 46.253482818603516
46.142059326171875, 46.253482818603516
46.253482818603516, 46.587745666503906
45.47353744506836, 47.59053039550781
46.253482818603516, 46.587745666503906
46.36490249633789, 45.696380615234375
46.253482818603516, 46.587745666503906
46.36490249633789, 45.696380615234375
46.253482818603516, 46.587745666503906
46.36490249633789, 45.696380615234375
46.253482818603516, 46.587745666503906
46.36490249633789, 45.696380615234375
46.253482818603516, 46.587745666503906
46.69916534423828, 45.584957122802734
46.253482818603516, 46.587745666503906
46.69916534423828, 45.584957122802734
46.253482818603516, 46.587745666503906
46.69916534423828, 45.584957122802734
46.253482818603516, 46.587745666503906
46.253482818603516, 46.810585021972656
46.0306396484375, 47.25626754760742
47.14484786987305, 48.25905227661133
46.69916534423828, 47.92478942871094
47.25626754760742, 46.587745666503906
46.810585021972656, 46.810585021972656
46.810585021972656, 46.810585021972656
47.59053039550781, 45.47353744506836
46.36490249633789, 44.805015563964844
47.14484786987305, 46.810585021972656
46.476322174072266, 46.476322174072266
46.92200469970703, 45.80780029296875
46.476322174072266, 46.810585021972656
46.476322174072266, 46.810585021972656
45.362117767333984, 46.810585021972656
46.36490249633789, 47.3676872253418
47.033424377441406, 46.810585021972656
46.253482818603516, 46.587745666503906
46.810585021972656, 46.476322174072266
46.253482818603516, 46.587745666503906
46.810585021972656, 46.476322174072266
46.253482818603516, 46.587745666503906
46.476322174072266, 46.253482818603516
46.253482818603516, 46.587745666503906
46.476322174072266, 46.253482818603516
46.69916534423828, 45.47353744506836
45.362117767333984, 46.810585021972656
46.69916534423828, 45.47353744506836
46.142059326171875, 47.25626754760742
46.69916534423828, 45.47353744506836
46.142059326171875, 47.25626754760742
46.69916534423828, 45.47353744506836
46.142059326171875, 47.25626754760742
46.69916534423828, 45.47353744506836
46.142059326171875, 47.25626754760742
46.69916534423828, 45.47353744506836
46.142059326171875, 47.25626754760742
46.810585021972656, 46.0306396484375
46.142059326171875, 47.25626754760742
46.810585021972656, 46.0306396484375
46.810585021972656, 47.59053039550781
47.25626754760742, 46.476322174072266
46.810585021972656, 47.59053039550781
47.25626754760742, 46.476322174072266
46.810585021972656, 47.59053039550781
47.25626754760742, 46.476322174072266
46.810585021972656, 47.59053039550781
47.25626754760742, 46.476322174072266
46.810585021972656, 47.59053039550781
47.25626754760742, 46.476322174072266
46.810585021972656, 47.59053039550781
47.25626754760742, 46.476322174072266
46.810585021972656, 47.59053039550781
47.25626754760742, 46.476322174072266
46.810585021972656, 47.59053039550781
47.25626754760742, 46.476322174072266
46.810585021972656, 47.59053039550781
47.25626754760742, 46.476322174072266
46.810585021972656, 47.59053039550781
47.25626754760742, 46.476322174072266
46.810585021972656, 47.59053039550781
47.25626754760742, 46.476322174072266
46.810585021972656, 47.59053039550781
47.25626754760742, 46.476322174072266
46.810585021972656, 47.59053039550781
47.25626754760742, 46.476322174072266
46.810585021972656, 47.59053039550781
47.25626754760742, 46.476322174072266
46.810585021972656, 47.59053039550781
47.25626754760742, 46.476322174072266
46.810585021972656, 47.59053039550781
47.25626754760742, 46.476322174072266
46.810585021972656, 47.59053039550781
47.25626754760742, 46.476322174072266
46.142059326171875, 47.25626754760742
47.25626754760742, 46.476322174072266
46.253482818603516, 46.587745666503906
47.47911071777344, 45.919219970703125
46.253482818603516, 46.587745666503906
47.47911071777344, 45.919219970703125
46.253482818603516, 46.587745666503906
47.47911071777344, 45.919219970703125
46.253482818603516, 46.587745666503906
47.47911071777344, 45.919219970703125
46.253482818603516, 46.587745666503906
47.47911071777344, 45.919219970703125
46.253482818603516, 46.587745666503906
46.253482818603516, 45.919219970703125
46.36490249633789, 46.253482818603516
47.033424377441406, 46.92200469970703
47.033424377441406, 46.92200469970703
47.033424377441406, 46.92200469970703
47.81336975097656, 46.92200469970703
47.14484786987305, 46.36490249633789
47.14484786987305, 46.36490249633789
46.587745666503906, 46.810585021972656
46.587745666503906, 46.810585021972656
46.587745666503906, 46.810585021972656
49.596099853515625, 48.704734802246094
49.596099853515625, 48.81615447998047
49.373260498046875, 49.48468017578125
49.596099853515625, 48.81615447998047
49.373260498046875, 49.48468017578125
49.48468017578125, 48.81615447998047
49.038997650146484, 48.92757797241211
48.14763259887695, 47.81336975097656
48.14763259887695, 47.81336975097656
48.14763259887695, 47.81336975097656
48.14763259887695, 47.81336975097656
45.696380615234375, 47.59053039550781
45.80780029296875, 47.3676872253418
46.0306396484375, 47.3676872253418
47.033424377441406, 46.587745666503906
46.69916534423828, 48.14763259887695
47.59053039550781, 47.81336975097656
47.59053039550781, 47.81336975097656
47.3676872253418, 47.47911071777344
47.3676872253418, 47.47911071777344
47.3676872253418, 47.47911071777344
44.91643524169922, 45.250694274902344
45.027854919433594, 45.47353744506836
46.0306396484375, 46.36490249633789
45.696380615234375, 45.80780029296875
46.92200469970703, 46.92200469970703
46.69916534423828, 47.25626754760742
46.69916534423828, 47.25626754760742
46.142059326171875, 46.69916534423828
46.142059326171875, 46.69916534423828
46.142059326171875, 46.69916534423828
45.919219970703125, 46.36490249633789
45.47353744506836, 46.810585021972656
45.47353744506836, 46.36490249633789
46.142059326171875, 46.253482818603516
46.69916534423828, 47.3676872253418
46.36490249633789, 46.810585021972656
45.250694274902344, 46.142059326171875
45.250694274902344, 46.142059326171875
45.250694274902344, 46.142059326171875
47.81336975097656, 46.810585021972656
46.810585021972656, 48.59331512451172
47.81336975097656, 46.810585021972656
46.810585021972656, 48.59331512451172
47.81336975097656, 46.810585021972656
46.810585021972656, 48.59331512451172
47.25626754760742, 47.3676872253418
47.3676872253418, 45.47353744506836
47.25626754760742, 47.3676872253418
47.3676872253418, 45.47353744506836
47.25626754760742, 47.3676872253418
47.3676872253418, 45.47353744506836
47.25626754760742, 47.3676872253418
46.587745666503906, 45.80780029296875
47.25626754760742, 47.3676872253418
46.587745666503906, 45.80780029296875
47.25626754760742, 47.3676872253418
46.587745666503906, 45.80780029296875
46.142059326171875, 46.92200469970703
47.14484786987305, 45.584957122802734
46.92200469970703, 46.92200469970703
47.033424377441406, 47.14484786987305
46.587745666503906, 47.033424377441406
47.59053039550781, 46.36490249633789
46.92200469970703, 46.92200469970703
47.033424377441406, 47.14484786987305
46.587745666503906, 47.033424377441406
47.3676872253418, 47.033424377441406
46.92200469970703, 46.92200469970703
47.033424377441406, 47.14484786987305
46.587745666503906, 47.81336975097656
46.587745666503906, 47.033424377441406
47.59053039550781, 47.033424377441406
46.92200469970703, 46.92200469970703
47.033424377441406, 47.14484786987305
46.92200469970703, 46.92200469970703
47.033424377441406, 47.14484786987305
47.033424377441406, 47.25626754760742
47.14484786987305, 47.59053039550781
46.69916534423828, 47.033424377441406
46.0306396484375, 47.3676872253418
47.25626754760742, 45.80780029296875
46.69916534423828, 45.584957122802734
46.69916534423828, 46.253482818603516
45.584957122802734, 44.91643524169922
45.919219970703125, 45.027854919433594
46.810585021972656, 45.919219970703125
47.033424377441406, 46.69916534423828
46.253482818603516, 46.92200469970703
46.92200469970703, 46.92200469970703
46.253482818603516, 46.92200469970703
46.253482818603516, 46.810585021972656
46.142059326171875, 46.92200469970703
45.362117767333984, 47.92478942871094
46.587745666503906, 47.25626754760742
47.14484786987305, 46.36490249633789
46.69916534423828, 46.253482818603516
47.033424377441406, 46.69916534423828
46.810585021972656, 47.81336975097656
47.033424377441406, 46.69916534423828
46.810585021972656, 47.81336975097656
47.14484786987305, 46.253482818603516
46.810585021972656, 47.81336975097656
47.14484786987305, 46.253482818603516
46.810585021972656, 47.81336975097656
47.14484786987305, 46.253482818603516
46.810585021972656, 47.81336975097656
46.587745666503906, 46.69916534423828
46.69916534423828, 46.253482818603516
47.14484786987305, 46.253482818603516
46.810585021972656, 47.81336975097656
47.14484786987305, 46.253482818603516
46.476322174072266, 47.92478942871094
47.14484786987305, 46.253482818603516
46.476322174072266, 47.92478942871094
46.587745666503906, 46.69916534423828
46.142059326171875, 46.0306396484375
45.027854919433594, 45.47353744506836
45.362117767333984, 45.80780029296875
45.362117767333984, 45.80780029296875
45.696380615234375, 45.250694274902344
45.362117767333984, 45.80780029296875
45.696380615234375, 45.250694274902344
45.362117767333984, 45.80780029296875
49.2618408203125, 48.25905227661133
47.59053039550781, 47.81336975097656
49.2618408203125, 48.25905227661133
47.59053039550781, 47.81336975097656
49.2618408203125, 48.25905227661133
47.59053039550781, 47.81336975097656
48.25905227661133, 47.25626754760742
47.59053039550781, 47.81336975097656
48.14763259887695, 46.92200469970703
48.37047576904297, 47.25626754760742
48.37047576904297, 46.810585021972656
47.25626754760742, 46.810585021972656
47.25626754760742, 46.810585021972656
47.25626754760742, 46.810585021972656
47.25626754760742, 46.810585021972656
46.587745666503906, 46.36490249633789
46.253482818603516, 46.69916534423828
46.587745666503906, 46.36490249633789
46.253482818603516, 46.69916534423828
46.587745666503906, 46.36490249633789
46.253482818603516, 46.69916534423828
46.142059326171875, 45.47353744506836
46.253482818603516, 46.69916534423828
45.919219970703125, 45.362117767333984
46.253482818603516, 46.587745666503906
45.919219970703125, 45.362117767333984
46.253482818603516, 46.587745666503906
45.919219970703125, 45.362117767333984
46.253482818603516, 46.587745666503906
45.919219970703125, 45.362117767333984
46.253482818603516, 46.587745666503906
45.919219970703125, 45.362117767333984
46.253482818603516, 46.587745666503906
45.919219970703125, 45.362117767333984
46.253482818603516, 46.587745666503906
45.919219970703125, 45.362117767333984
46.253482818603516, 46.587745666503906
46.253482818603516, 46.587745666503906
45.919219970703125, 45.362117767333984
46.253482818603516, 46.587745666503906
43.80222702026367, 47.92478942871094
45.80780029296875, 47.92478942871094
47.033424377441406, 48.25905227661133
48.37047576904297, 48.14763259887695
48.25905227661133, 48.704734802246094
48.03621292114258, 49.818939208984375
48.03621292114258, 49.818939208984375
48.92757797241211, 49.930362701416016
48.92757797241211, 49.930362701416016
48.92757797241211, 49.930362701416016
47.25626754760742, 46.810585021972656
47.14484786987305, 47.3676872253418
47.25626754760742, 46.810585021972656
47.14484786987305, 47.3676872253418
47.25626754760742, 46.810585021972656
47.14484786987305, 47.3676872253418
47.3676872253418, 47.3676872253418
47.14484786987305, 47.3676872253418
47.59053039550781, 47.70195007324219
45.584957122802734, 45.919219970703125
45.80780029296875, 46.36490249633789
46.36490249633789, 45.362117767333984
46.587745666503906, 45.47353744506836
46.810585021972656, 45.250694274902344
45.362117767333984, 45.696380615234375
45.47353744506836, 44.13648986816406
45.362117767333984, 45.696380615234375
45.47353744506836, 44.13648986816406
45.362117767333984, 45.696380615234375
45.47353744506836, 44.13648986816406
45.362117767333984, 45.696380615234375
45.47353744506836, 44.13648986816406
45.13927459716797, 45.13927459716797
45.584957122802734, 45.919219970703125
45.13927459716797, 45.13927459716797
45.13927459716797, 45.80780029296875
45.027854919433594, 45.250694274902344
45.027854919433594, 45.584957122802734
44.58217239379883, 45.13927459716797
44.805015563964844, 45.696380615234375
44.805015563964844, 45.696380615234375
45.027854919433594, 44.6935920715332
45.027854919433594, 44.6935920715332
45.027854919433594, 44.6935920715332
44.6935920715332, 44.02507019042969
45.919219970703125, 45.250694274902344
46.142059326171875, 44.805015563964844
45.584957122802734, 45.919219970703125
45.13927459716797, 45.13927459716797
45.584957122802734, 45.919219970703125
45.027854919433594, 45.250694274902344
45.80780029296875, 45.80780029296875
45.13927459716797, 45.80780029296875
45.80780029296875, 45.80780029296875
45.13927459716797, 45.80780029296875
45.027854919433594, 45.250694274902344
45.027854919433594, 45.584957122802734
44.47075271606445, 45.47353744506836
44.805015563964844, 44.6935920715332
44.6935920715332, 44.47075271606445
45.027854919433594, 44.805015563964844
44.58217239379883, 45.250694274902344
45.027854919433594, 44.805015563964844
44.58217239379883, 45.250694274902344
44.47075271606445, 45.47353744506836
45.362117767333984, 45.696380615234375
44.6935920715332, 44.47075271606445
45.584957122802734, 45.584957122802734
44.47075271606445, 45.47353744506836
45.584957122802734, 45.584957122802734
44.47075271606445, 45.47353744506836
44.91643524169922, 46.36490249633789
45.362117767333984, 45.696380615234375
44.6935920715332, 44.47075271606445
45.584957122802734, 45.584957122802734
44.91643524169922, 46.36490249633789
45.584957122802734, 45.584957122802734
44.91643524169922, 46.36490249633789
44.91643524169922, 46.36490249633789
45.362117767333984, 45.696380615234375
44.6935920715332, 44.47075271606445
45.584957122802734, 45.584957122802734
44.91643524169922, 46.36490249633789
44.91643524169922, 46.36490249633789
45.362117767333984, 45.696380615234375
44.6935920715332, 44.47075271606445
45.584957122802734, 45.584957122802734
44.91643524169922, 46.36490249633789
47.70195007324219, 48.704734802246094
48.481895446777344, 47.3676872253418
47.70195007324219, 48.704734802246094
48.481895446777344, 47.3676872253418
47.70195007324219, 48.704734802246094
48.481895446777344, 47.3676872253418
47.14484786987305, 47.92478942871094
47.70195007324219, 46.92200469970703
47.14484786987305, 47.92478942871094
47.70195007324219, 46.92200469970703
47.47911071777344, 47.47911071777344
46.587745666503906, 48.25905227661133
47.70195007324219, 48.704734802246094
48.37047576904297, 47.033424377441406
47.47911071777344, 47.47911071777344
45.362117767333984, 48.59331512451172
46.142059326171875, 48.37047576904297
48.37047576904297, 47.033424377441406
46.142059326171875, 48.37047576904297
48.37047576904297, 47.033424377441406
46.142059326171875, 48.37047576904297
48.37047576904297, 47.033424377441406
46.142059326171875, 48.37047576904297
48.37047576904297, 47.033424377441406
46.142059326171875, 48.37047576904297
48.37047576904297, 47.033424377441406
46.142059326171875, 48.37047576904297
48.37047576904297, 47.033424377441406
46.142059326171875, 48.37047576904297
48.37047576904297, 47.033424377441406
46.142059326171875, 48.37047576904297
48.37047576904297, 47.033424377441406
46.142059326171875, 48.37047576904297
48.37047576904297, 47.033424377441406
46.142059326171875, 48.37047576904297
47.70195007324219, 46.92200469970703
46.142059326171875, 48.37047576904297
47.70195007324219, 46.92200469970703
46.142059326171875, 48.37047576904297
47.70195007324219, 46.92200469970703
46.142059326171875, 48.37047576904297
47.70195007324219, 46.92200469970703
46.142059326171875, 48.37047576904297
47.70195007324219, 46.92200469970703
46.142059326171875, 48.37047576904297
47.70195007324219, 46.92200469970703
45.696380615234375, 46.92200469970703
47.70195007324219, 46.92200469970703
45.696380615234375, 46.92200469970703
46.253482818603516, 46.253482818603516
45.696380615234375, 46.92200469970703
46.253482818603516, 46.253482818603516
45.696380615234375, 46.92200469970703
45.027854919433594, 45.696380615234375
45.696380615234375, 45.696380615234375
45.80780029296875, 46.92200469970703
45.696380615234375, 45.696380615234375
46.142059326171875, 48.37047576904297
45.696380615234375, 45.696380615234375
46.142059326171875, 48.37047576904297
45.696380615234375, 45.696380615234375
43.91365051269531, 42.68802261352539
43.80222702026367, 42.353759765625
42.799442291259766, 42.68802261352539
42.799442291259766, 42.576602935791016
42.91086196899414, 43.91365051269531
42.68802261352539, 45.362117767333984
43.133705139160156, 45.80780029296875
43.133705139160156, 45.80780029296875
44.6935920715332, 45.47353744506836
44.35932922363281, 44.91643524169922
45.80780029296875, 45.584957122802734
44.58217239379883, 44.02507019042969
46.142059326171875, 46.142059326171875
45.584957122802734, 45.919219970703125
46.142059326171875, 46.142059326171875
45.584957122802734, 45.919219970703125
46.142059326171875, 46.142059326171875
45.584957122802734, 45.919219970703125
46.476322174072266, 45.80780029296875
45.584957122802734, 45.919219970703125
46.36490249633789, 46.142059326171875
45.250694274902344, 45.696380615234375
46.36490249633789, 46.142059326171875
45.250694274902344, 45.696380615234375
46.36490249633789, 46.142059326171875
45.250694274902344, 45.696380615234375
46.36490249633789, 46.142059326171875
45.250694274902344, 45.696380615234375
45.80780029296875, 45.362117767333984
45.250694274902344, 45.696380615234375
45.80780029296875, 45.362117767333984
45.250694274902344, 45.696380615234375
45.80780029296875, 45.362117767333984
45.250694274902344, 45.696380615234375
45.250694274902344, 45.696380615234375
45.80780029296875, 45.362117767333984
45.250694274902344, 45.696380615234375
44.58217239379883, 45.47353744506836
45.250694274902344, 45.13927459716797
44.58217239379883, 45.47353744506836
45.250694274902344, 45.13927459716797
44.58217239379883, 45.47353744506836
45.250694274902344, 45.13927459716797
43.46796798706055, 44.91643524169922
43.91365051269531, 44.805015563964844
44.6935920715332, 44.6935920715332
45.47353744506836, 45.027854919433594
45.250694274902344, 46.36490249633789
45.47353744506836, 45.027854919433594
45.250694274902344, 46.36490249633789
45.47353744506836, 45.027854919433594
45.47353744506836, 46.0306396484375
46.0306396484375, 44.91643524169922
45.47353744506836, 46.0306396484375
46.0306396484375, 44.91643524169922
45.47353744506836, 46.0306396484375
46.0306396484375, 44.91643524169922
45.47353744506836, 46.0306396484375
46.69916534423828, 45.362117767333984
45.47353744506836, 46.0306396484375
46.69916534423828, 45.362117767333984
45.362117767333984, 46.253482818603516
46.69916534423828, 45.362117767333984
45.362117767333984, 46.253482818603516
46.69916534423828, 45.362117767333984
45.362117767333984, 46.253482818603516
46.69916534423828, 45.362117767333984
44.6935920715332, 45.13927459716797
46.36490249633789, 45.696380615234375
46.253482818603516, 45.250694274902344
45.027854919433594, 46.36490249633789
46.253482818603516, 45.250694274902344
45.250694274902344, 45.80780029296875
46.253482818603516, 45.250694274902344
45.250694274902344, 45.80780029296875
46.476322174072266, 46.253482818603516
45.13927459716797, 45.47353744506836
46.476322174072266, 46.253482818603516
45.13927459716797, 45.47353744506836
46.476322174072266, 46.253482818603516
46.0306396484375, 45.584957122802734
45.250694274902344, 46.69916534423828
46.0306396484375, 45.584957122802734
45.362117767333984, 45.47353744506836
46.0306396484375, 45.584957122802734
45.362117767333984, 45.47353744506836
45.47353744506836, 46.476322174072266
46.476322174072266, 46.253482818603516
45.47353744506836, 46.476322174072266
46.476322174072266, 46.253482818603516
45.47353744506836, 46.476322174072266
46.476322174072266, 46.253482818603516
45.47353744506836, 46.476322174072266
46.476322174072266, 46.253482818603516
45.47353744506836, 46.476322174072266
47.47911071777344, 47.033424377441406
47.25626754760742, 46.476322174072266
46.587745666503906, 45.919219970703125
45.696380615234375, 45.250694274902344
45.47353744506836, 45.13927459716797
45.47353744506836, 45.13927459716797
45.47353744506836, 45.13927459716797
44.13648986816406, 44.35932922363281
46.36490249633789, 46.92200469970703
46.0306396484375, 46.253482818603516
46.476322174072266, 46.0306396484375
45.80780029296875, 45.696380615234375
45.80780029296875, 46.36490249633789
45.80780029296875, 45.696380615234375
45.362117767333984, 47.033424377441406
45.362117767333984, 45.919219970703125
46.69916534423828, 46.0306396484375
46.476322174072266, 44.805015563964844
45.919219970703125, 45.696380615234375
46.92200469970703, 45.80780029296875
46.69916534423828, 46.142059326171875
45.362117767333984, 47.033424377441406
46.0306396484375, 46.92200469970703
46.253482818603516, 47.033424377441406
46.36490249633789, 46.92200469970703
46.0306396484375, 46.253482818603516
46.476322174072266, 46.0306396484375
46.0306396484375, 46.253482818603516
47.033424377441406, 46.587745666503906
45.584957122802734, 46.476322174072266
46.0306396484375, 46.142059326171875
46.253482818603516, 45.47353744506836
47.3676872253418, 45.47353744506836
46.476322174072266, 44.805015563964844
45.919219970703125, 45.696380615234375
46.92200469970703, 45.80780029296875
46.69916534423828, 46.142059326171875
46.476322174072266, 46.587745666503906
45.584957122802734, 46.69916534423828
46.476322174072266, 46.253482818603516
45.47353744506836, 46.92200469970703
46.476322174072266, 46.253482818603516
45.47353744506836, 46.92200469970703
46.253482818603516, 47.033424377441406
46.142059326171875, 46.253482818603516
46.142059326171875, 46.587745666503906
46.253482818603516, 46.476322174072266
46.0306396484375, 46.253482818603516
46.0306396484375, 46.253482818603516
45.47353744506836, 45.584957122802734
45.919219970703125, 45.027854919433594
45.919219970703125, 45.027854919433594
45.919219970703125, 44.58217239379883
45.919219970703125, 44.58217239379883
46.810585021972656, 45.80780029296875
46.0306396484375, 45.47353744506836
46.0306396484375, 45.919219970703125
47.25626754760742, 47.033424377441406
47.14484786987305, 47.033424377441406
47.47911071777344, 48.37047576904297
47.14484786987305, 46.253482818603516
47.14484786987305, 46.253482818603516
47.14484786987305, 47.14484786987305
47.14484786987305, 47.14484786987305
46.476322174072266, 46.587745666503906
45.362117767333984, 47.033424377441406
45.250694274902344, 46.810585021972656
45.47353744506836, 46.92200469970703
45.47353744506836, 46.92200469970703
46.587745666503906, 46.253482818603516
46.0306396484375, 46.92200469970703
46.587745666503906, 46.253482818603516
46.0306396484375, 46.92200469970703
46.0306396484375, 46.69916534423828
45.47353744506836, 46.587745666503906
46.253482818603516, 46.0306396484375
45.362117767333984, 46.142059326171875
46.253482818603516, 46.0306396484375
45.362117767333984, 46.142059326171875
46.253482818603516, 46.0306396484375
46.253482818603516, 46.810585021972656
46.476322174072266, 46.0306396484375
46.36490249633789, 46.92200469970703
46.476322174072266, 46.0306396484375
46.36490249633789, 46.92200469970703
46.0306396484375, 46.253482818603516
47.033424377441406, 46.587745666503906
46.253482818603516, 47.033424377441406
47.033424377441406, 46.587745666503906
46.253482818603516, 47.033424377441406
46.0306396484375, 46.142059326171875
46.253482818603516, 45.47353744506836
47.3676872253418, 45.47353744506836
46.476322174072266, 44.805015563964844
45.919219970703125, 45.696380615234375
46.92200469970703, 45.80780029296875
46.69916534423828, 46.142059326171875
45.362117767333984, 47.033424377441406
45.584957122802734, 46.69916534423828
46.476322174072266, 46.253482818603516
45.47353744506836, 46.92200469970703
46.476322174072266, 46.253482818603516
45.47353744506836, 46.92200469970703
46.36490249633789, 46.476322174072266
45.919219970703125, 47.47911071777344
46.253482818603516, 47.25626754760742
46.253482818603516, 46.476322174072266
45.80780029296875, 47.25626754760742
46.0306396484375, 46.253482818603516
46.0306396484375, 46.253482818603516
45.47353744506836, 45.584957122802734
45.919219970703125, 45.027854919433594
45.919219970703125, 44.58217239379883
45.919219970703125, 45.13927459716797
45.919219970703125, 45.13927459716797
45.919219970703125, 45.13927459716797
46.587745666503906, 45.80780029296875
46.587745666503906, 45.80780029296875
46.0306396484375, 45.919219970703125
47.25626754760742, 47.033424377441406
47.14484786987305, 47.033424377441406
47.14484786987305, 47.033424377441406
47.47911071777344, 48.37047576904297
47.14484786987305, 47.033424377441406
47.47911071777344, 48.37047576904297
47.14484786987305, 47.033424377441406
47.14484786987305, 47.14484786987305
47.14484786987305, 47.14484786987305
47.14484786987305, 47.14484786987305
46.476322174072266, 46.587745666503906
45.362117767333984, 47.033424377441406
45.250694274902344, 46.810585021972656
45.250694274902344, 46.810585021972656
46.0306396484375, 46.92200469970703
46.0306396484375, 46.142059326171875
45.47353744506836, 46.253482818603516
45.47353744506836, 46.142059326171875
46.476322174072266, 46.0306396484375
46.36490249633789, 46.36490249633789
46.142059326171875, 46.36490249633789
46.36490249633789, 46.36490249633789
45.919219970703125, 46.476322174072266
46.36490249633789, 46.36490249633789
46.810585021972656, 45.919219970703125
46.0306396484375, 46.810585021972656
46.810585021972656, 45.919219970703125
46.0306396484375, 46.810585021972656
45.919219970703125, 46.476322174072266
45.80780029296875, 46.0306396484375
46.0306396484375, 45.584957122802734
46.0306396484375, 46.142059326171875
46.476322174072266, 45.584957122802734
46.476322174072266, 46.0306396484375
47.033424377441406, 45.919219970703125
47.59053039550781, 46.92200469970703
47.3676872253418, 46.36490249633789
47.59053039550781, 46.587745666503906
47.59053039550781, 46.587745666503906
46.142059326171875, 47.14484786987305
45.47353744506836, 46.142059326171875
45.584957122802734, 46.0306396484375
45.696380615234375, 46.92200469970703
45.80780029296875, 46.810585021972656
45.027854919433594, 46.36490249633789
45.584957122802734, 47.81336975097656
46.142059326171875, 47.59053039550781
46.142059326171875, 47.59053039550781
45.696380615234375, 47.25626754760742
45.696380615234375, 47.25626754760742
45.47353744506836, 46.476322174072266
44.805015563964844, 46.36490249633789
44.805015563964844, 45.13927459716797
46.0306396484375, 46.253482818603516
47.59053039550781, 47.14484786987305
46.0306396484375, 47.033424377441406
47.59053039550781, 47.14484786987305
46.0306396484375, 47.033424377441406
47.59053039550781, 47.14484786987305
46.0306396484375, 47.033424377441406
46.69916534423828, 46.36490249633789
46.0306396484375, 47.033424377441406
46.476322174072266, 46.810585021972656
47.3676872253418, 47.81336975097656
47.47911071777344, 48.03621292114258
46.36490249633789, 48.14763259887695
46.36490249633789, 48.14763259887695
47.033424377441406, 47.70195007324219
46.810585021972656, 47.59053039550781
46.810585021972656, 47.59053039550781
45.80780029296875, 46.142059326171875
45.80780029296875, 46.142059326171875
39.34540557861328, 38.899723052978516
39.679664611816406, 38.6768798828125
39.56824493408203, 38.34261703491211
39.679664611816406, 38.788299560546875
40.12534713745117, 39.122562408447266
40.12534713745117, 39.122562408447266
40.12534713745117, 39.122562408447266
40.57102966308594, 40.0139274597168
47.47911071777344, 46.587745666503906
46.142059326171875, 46.476322174072266
47.47911071777344, 46.587745666503906
46.142059326171875, 46.476322174072266
47.47911071777344, 46.587745666503906
46.142059326171875, 46.476322174072266
46.587745666503906, 45.362117767333984
46.142059326171875, 46.476322174072266
46.810585021972656, 45.919219970703125
45.584957122802734, 46.92200469970703
46.810585021972656, 45.919219970703125
45.584957122802734, 46.92200469970703
46.810585021972656, 45.919219970703125
45.584957122802734, 46.92200469970703
46.810585021972656, 45.919219970703125
45.584957122802734, 46.92200469970703
45.80780029296875, 45.13927459716797
45.584957122802734, 46.92200469970703
45.80780029296875, 45.13927459716797
45.584957122802734, 46.92200469970703
45.80780029296875, 45.13927459716797
45.584957122802734, 46.92200469970703
45.584957122802734, 46.92200469970703
45.80780029296875, 45.13927459716797
45.584957122802734, 46.92200469970703
48.37047576904297, 47.92478942871094
47.92478942871094, 48.37047576904297
48.37047576904297, 47.92478942871094
47.92478942871094, 48.37047576904297
48.37047576904297, 47.92478942871094
47.92478942871094, 48.37047576904297
47.47911071777344, 47.70195007324219
46.587745666503906, 47.033424377441406
46.587745666503906, 46.92200469970703
45.13927459716797, 46.0306396484375
45.13927459716797, 46.0306396484375
45.362117767333984, 44.91643524169922
45.584957122802734, 45.584957122802734
45.584957122802734, 45.584957122802734
46.36490249633789, 45.584957122802734
46.253482818603516, 44.6935920715332
47.92478942871094, 46.476322174072266
46.476322174072266, 46.587745666503906
47.92478942871094, 46.476322174072266
46.476322174072266, 46.587745666503906
48.03621292114258, 45.80780029296875
46.476322174072266, 46.587745666503906
48.03621292114258, 45.80780029296875
46.810585021972656, 46.587745666503906
46.92200469970703, 47.25626754760742
47.033424377441406, 47.25626754760742
47.59053039550781, 46.142059326171875
47.033424377441406, 47.25626754760742
47.59053039550781, 46.142059326171875
47.033424377441406, 47.25626754760742
47.59053039550781, 46.142059326171875
47.033424377441406, 47.25626754760742
47.59053039550781, 46.142059326171875
47.3676872253418, 47.25626754760742
46.92200469970703, 47.25626754760742
47.3676872253418, 47.25626754760742
46.92200469970703, 47.25626754760742
47.3676872253418, 47.25626754760742
46.92200469970703, 47.25626754760742
47.3676872253418, 47.25626754760742
46.92200469970703, 47.25626754760742
47.14484786987305, 46.0306396484375
46.253482818603516, 47.59053039550781
46.810585021972656, 45.919219970703125
46.142059326171875, 48.03621292114258
46.810585021972656, 45.919219970703125
46.142059326171875, 48.03621292114258
46.142059326171875, 46.36490249633789
46.587745666503906, 46.253482818603516
46.810585021972656, 45.919219970703125
46.142059326171875, 48.03621292114258
46.810585021972656, 45.919219970703125
46.142059326171875, 48.03621292114258
46.142059326171875, 46.36490249633789
46.587745666503906, 46.253482818603516
46.810585021972656, 45.919219970703125
46.142059326171875, 48.03621292114258
46.142059326171875, 46.36490249633789
46.587745666503906, 46.253482818603516
46.810585021972656, 45.919219970703125
46.142059326171875, 48.03621292114258
46.810585021972656, 45.919219970703125
45.919219970703125, 47.92478942871094
46.142059326171875, 46.36490249633789
46.587745666503906, 46.253482818603516
46.810585021972656, 45.919219970703125
45.919219970703125, 47.92478942871094
46.142059326171875, 46.36490249633789
45.80780029296875, 45.13927459716797
46.142059326171875, 45.362117767333984
45.362117767333984, 47.14484786987305
46.142059326171875, 45.362117767333984
45.362117767333984, 47.14484786987305
45.696380615234375, 45.362117767333984
45.47353744506836, 46.69916534423828
45.696380615234375, 45.362117767333984
45.47353744506836, 46.69916534423828
45.696380615234375, 45.362117767333984
45.47353744506836, 46.69916534423828
45.250694274902344, 45.362117767333984
45.584957122802734, 45.584957122802734
45.696380615234375, 45.362117767333984
45.80780029296875, 46.476322174072266
45.250694274902344, 45.362117767333984
45.584957122802734, 45.584957122802734
45.696380615234375, 45.362117767333984
45.80780029296875, 46.476322174072266
45.696380615234375, 45.362117767333984
45.80780029296875, 46.476322174072266
45.250694274902344, 45.362117767333984
45.584957122802734, 45.584957122802734
45.696380615234375, 45.362117767333984
45.80780029296875, 46.476322174072266
45.250694274902344, 45.362117767333984
45.584957122802734, 45.584957122802734
46.92200469970703, 45.47353744506836
45.80780029296875, 46.476322174072266
46.92200469970703, 45.919219970703125
45.696380615234375, 46.587745666503906
46.92200469970703, 45.919219970703125
45.696380615234375, 46.587745666503906
46.92200469970703, 45.919219970703125
45.696380615234375, 46.587745666503906
46.92200469970703, 45.919219970703125
45.696380615234375, 46.587745666503906
46.92200469970703, 45.919219970703125
45.696380615234375, 46.587745666503906
45.13927459716797, 46.587745666503906
46.0306396484375, 46.476322174072266
45.250694274902344, 45.80780029296875
45.250694274902344, 45.80780029296875
44.13648986816406, 45.584957122802734
44.805015563964844, 45.362117767333984
44.6935920715332, 44.805015563964844
44.6935920715332, 44.805015563964844
44.24790954589844, 44.02507019042969
44.24790954589844, 44.02507019042969
44.24790954589844, 44.02507019042969
46.587745666503906, 47.25626754760742
46.810585021972656, 45.80780029296875
46.587745666503906, 47.25626754760742
46.810585021972656, 45.80780029296875
46.587745666503906, 47.25626754760742
46.810585021972656, 45.80780029296875
46.253482818603516, 46.253482818603516
46.253482818603516, 45.13927459716797
46.253482818603516, 46.587745666503906
47.033424377441406, 47.033424377441406
46.253482818603516, 46.587745666503906
47.033424377441406, 47.033424377441406
46.0306396484375, 47.14484786987305
46.142059326171875, 47.033424377441406
46.142059326171875, 47.14484786987305
45.584957122802734, 46.253482818603516
46.142059326171875, 46.36490249633789
46.142059326171875, 45.362117767333984
46.142059326171875, 46.36490249633789
46.142059326171875, 45.362117767333984
46.253482818603516, 46.253482818603516
44.02507019042969, 45.80780029296875
45.80780029296875, 46.36490249633789
45.696380615234375, 45.584957122802734
45.80780029296875, 46.36490249633789
45.696380615234375, 45.584957122802734
45.80780029296875, 46.253482818603516
45.47353744506836, 45.584957122802734
46.476322174072266, 44.13648986816406
46.253482818603516, 45.027854919433594
45.696380615234375, 45.362117767333984
44.91643524169922, 43.91365051269531
46.253482818603516, 45.584957122802734
47.25626754760742, 46.0306396484375
47.14484786987305, 46.476322174072266
45.250694274902344, 46.253482818603516
45.584957122802734, 45.919219970703125
46.0306396484375, 46.476322174072266
45.696380615234375, 46.476322174072266
44.24790954589844, 46.36490249633789
45.584957122802734, 46.476322174072266
46.0306396484375, 46.142059326171875
45.696380615234375, 45.584957122802734
45.696380615234375, 45.584957122802734
45.696380615234375, 45.80780029296875
46.253482818603516, 45.13927459716797
45.696380615234375, 45.80780029296875
46.476322174072266, 44.805015563964844
46.810585021972656, 44.6935920715332
47.59053039550781, 45.250694274902344
46.253482818603516, 45.584957122802734
46.476322174072266, 45.47353744506836
46.810585021972656, 46.0306396484375
46.810585021972656, 46.810585021972656
46.587745666503906, 46.810585021972656
46.587745666503906, 46.810585021972656
47.14484786987305, 46.69916534423828
45.027854919433594, 46.253482818603516
45.80780029296875, 46.253482818603516
47.25626754760742, 46.69916534423828
45.696380615234375, 46.587745666503906
47.25626754760742, 46.69916534423828
45.696380615234375, 46.587745666503906
47.25626754760742, 46.69916534423828
45.696380615234375, 46.587745666503906
46.142059326171875, 46.69916534423828
45.919219970703125, 46.36490249633789
46.36490249633789, 45.47353744506836
45.919219970703125, 46.36490249633789
46.36490249633789, 45.47353744506836
45.919219970703125, 46.36490249633789
46.36490249633789, 45.47353744506836
45.13927459716797, 46.0306396484375
45.584957122802734, 46.0306396484375
46.476322174072266, 46.0306396484375
45.696380615234375, 45.80780029296875
46.476322174072266, 45.250694274902344
45.696380615234375, 45.80780029296875
46.476322174072266, 45.250694274902344
45.362117767333984, 45.250694274902344
44.805015563964844, 45.919219970703125
45.362117767333984, 45.250694274902344
44.805015563964844, 45.919219970703125
45.362117767333984, 45.250694274902344
45.362117767333984, 45.250694274902344
46.0306396484375, 45.47353744506836
44.35932922363281, 45.47353744506836
46.0306396484375, 45.47353744506836
44.35932922363281, 45.47353744506836
45.362117767333984, 45.919219970703125
45.362117767333984, 45.250694274902344
45.362117767333984, 45.919219970703125
45.362117767333984, 45.250694274902344
45.696380615234375, 45.13927459716797
44.91643524169922, 44.91643524169922
45.13927459716797, 45.47353744506836
44.24790954589844, 44.6935920715332
45.696380615234375, 45.13927459716797
44.24790954589844, 44.6935920715332
45.696380615234375, 45.13927459716797
44.24790954589844, 43.6908073425293
45.362117767333984, 44.6935920715332
45.13927459716797, 45.47353744506836
44.24790954589844, 44.47075271606445
44.24790954589844, 43.6908073425293
43.80222702026367, 43.24512481689453
45.362117767333984, 44.6935920715332
44.805015563964844, 45.027854919433594
44.24790954589844, 44.47075271606445
43.80222702026367, 43.24512481689453
44.24790954589844, 44.47075271606445
43.80222702026367, 43.24512481689453
47.14484786987305, 46.36490249633789
46.36490249633789, 46.476322174072266
47.14484786987305, 46.36490249633789
46.36490249633789, 46.476322174072266
47.14484786987305, 46.36490249633789
46.36490249633789, 46.476322174072266
46.253482818603516, 46.0306396484375
46.36490249633789, 46.476322174072266
45.919219970703125, 46.0306396484375
46.476322174072266, 45.80780029296875
45.919219970703125, 46.0306396484375
46.476322174072266, 45.80780029296875
45.919219970703125, 46.0306396484375
46.0306396484375, 45.696380615234375
45.919219970703125, 46.0306396484375
46.0306396484375, 45.696380615234375
45.47353744506836, 45.47353744506836
45.362117767333984, 45.80780029296875
45.47353744506836, 45.47353744506836
45.362117767333984, 45.80780029296875
45.47353744506836, 45.47353744506836
45.362117767333984, 45.80780029296875
45.47353744506836, 45.47353744506836
45.362117767333984, 45.80780029296875
45.47353744506836, 45.47353744506836
45.362117767333984, 45.80780029296875
45.362117767333984, 45.80780029296875
45.47353744506836, 45.47353744506836
45.362117767333984, 45.80780029296875
45.47353744506836, 45.47353744506836
43.46796798706055, 45.919219970703125
45.13927459716797, 45.919219970703125
45.13927459716797, 45.919219970703125
45.919219970703125, 46.0306396484375
45.362117767333984, 45.696380615234375
45.919219970703125, 45.47353744506836
46.476322174072266, 45.47353744506836
46.476322174072266, 45.47353744506836
45.13927459716797, 45.250694274902344
46.476322174072266, 45.47353744506836
45.13927459716797, 45.250694274902344
46.476322174072266, 45.47353744506836
45.13927459716797, 45.250694274902344
46.476322174072266, 45.47353744506836
49.48468017578125, 48.03621292114258
50.04178237915039, 48.92757797241211
48.25905227661133, 49.48468017578125
50.04178237915039, 48.92757797241211
48.25905227661133, 49.48468017578125
47.25626754760742, 47.70195007324219
46.587745666503906, 46.476322174072266
47.25626754760742, 47.70195007324219
46.587745666503906, 46.476322174072266
47.25626754760742, 47.70195007324219
46.587745666503906, 46.476322174072266
47.25626754760742, 47.70195007324219
46.0306396484375, 45.362117767333984
47.25626754760742, 47.70195007324219
46.0306396484375, 45.362117767333984
47.25626754760742, 47.70195007324219
46.0306396484375, 45.362117767333984
47.25626754760742, 47.70195007324219
46.0306396484375, 45.362117767333984
47.25626754760742, 47.70195007324219
47.25626754760742, 47.70195007324219
46.253482818603516, 47.14484786987305
45.919219970703125, 47.033424377441406
46.92200469970703, 46.587745666503906
45.919219970703125, 45.584957122802734
45.80780029296875, 45.919219970703125
45.919219970703125, 45.584957122802734
46.0306396484375, 45.919219970703125
46.36490249633789, 45.362117767333984
45.027854919433594, 45.584957122802734
46.476322174072266, 46.253482818603516
45.80780029296875, 46.0306396484375
46.476322174072266, 46.253482818603516
45.80780029296875, 46.0306396484375
46.69916534423828, 46.810585021972656
46.36490249633789, 46.587745666503906
46.36490249633789, 47.59053039550781
46.587745666503906, 47.14484786987305
47.033424377441406, 46.476322174072266
46.92200469970703, 46.587745666503906
45.80780029296875, 47.14484786987305
45.919219970703125, 46.810585021972656
46.36490249633789, 46.36490249633789
45.919219970703125, 46.810585021972656
46.253482818603516, 45.80780029296875
45.80780029296875, 46.69916534423828
45.584957122802734, 46.253482818603516
45.584957122802734, 46.253482818603516
45.584957122802734, 46.253482818603516
45.13927459716797, 45.362117767333984
45.13927459716797, 45.362117767333984
44.58217239379883, 44.35932922363281
48.14763259887695, 46.587745666503906
46.810585021972656, 47.59053039550781
48.14763259887695, 46.587745666503906
46.810585021972656, 47.59053039550781
48.14763259887695, 46.587745666503906
46.810585021972656, 47.59053039550781
46.69916534423828, 46.142059326171875
46.810585021972656, 47.59053039550781
47.92478942871094, 46.0306396484375
47.3676872253418, 47.033424377441406
46.36490249633789, 47.3676872253418
47.3676872253418, 47.033424377441406
46.36490249633789, 47.3676872253418
47.3676872253418, 47.033424377441406
46.36490249633789, 47.3676872253418
47.3676872253418, 47.033424377441406
46.36490249633789, 47.3676872253418
47.3676872253418, 47.033424377441406
46.36490249633789, 47.3676872253418
36.002784729003906, 36.002784729003906
36.3370475769043, 36.11420440673828
36.3370475769043, 35.89136505126953
36.3370475769043, 36.3370475769043
36.11420440673828, 36.44846725463867
36.11420440673828, 36.44846725463867
36.22562789916992, 36.11420440673828
36.11420440673828, 36.44846725463867
36.22562789916992, 36.11420440673828
36.11420440673828, 36.44846725463867
36.22562789916992, 36.67131042480469
36.11420440673828, 36.89414978027344
42.68802261352539, 43.133705139160156
42.91086196899414, 44.02507019042969
42.799442291259766, 44.35932922363281
42.91086196899414, 43.91365051269531
43.02228546142578, 43.57938766479492
43.02228546142578, 43.24512481689453
43.356544494628906, 43.80222702026367
43.356544494628906, 43.80222702026367
43.356544494628906, 43.80222702026367
47.033424377441406, 46.253482818603516
46.69916534423828, 46.142059326171875
46.142059326171875, 46.36490249633789
46.69916534423828, 46.142059326171875
46.142059326171875, 46.36490249633789
47.3676872253418, 46.587745666503906
46.0306396484375, 47.033424377441406
47.3676872253418, 46.587745666503906
46.0306396484375, 47.033424377441406
47.3676872253418, 46.587745666503906
46.0306396484375, 47.033424377441406
47.3676872253418, 46.587745666503906
46.0306396484375, 47.033424377441406
47.3676872253418, 46.587745666503906
46.0306396484375, 47.033424377441406
47.3676872253418, 46.587745666503906
46.0306396484375, 46.36490249633789
45.584957122802734, 45.362117767333984
46.0306396484375, 46.36490249633789
45.584957122802734, 45.362117767333984
46.0306396484375, 46.36490249633789
45.584957122802734, 45.362117767333984
45.80780029296875, 45.919219970703125
45.584957122802734, 44.805015563964844
45.80780029296875, 45.919219970703125
45.584957122802734, 44.805015563964844
45.13927459716797, 46.142059326171875
45.250694274902344, 45.584957122802734
45.13927459716797, 44.47075271606445
45.250694274902344, 44.91643524169922
44.91643524169922, 45.584957122802734
44.35932922363281, 45.362117767333984
45.027854919433594, 44.6935920715332
44.35932922363281, 45.362117767333984
45.027854919433594, 44.6935920715332
44.35932922363281, 45.362117767333984
45.027854919433594, 44.6935920715332
44.91643524169922, 43.80222702026367
45.13927459716797, 44.47075271606445
46.0306396484375, 44.58217239379883
46.253482818603516, 45.696380615234375
46.0306396484375, 46.253482818603516
45.80780029296875, 46.142059326171875
45.80780029296875, 46.0306396484375
45.919219970703125, 45.80780029296875
45.80780029296875, 46.0306396484375
45.919219970703125, 45.80780029296875
45.80780029296875, 46.0306396484375
45.80780029296875, 45.250694274902344
45.80780029296875, 46.0306396484375
45.80780029296875, 45.250694274902344
45.80780029296875, 46.0306396484375
45.80780029296875, 45.250694274902344
45.80780029296875, 46.0306396484375
45.80780029296875, 45.250694274902344
45.80780029296875, 46.0306396484375
45.80780029296875, 45.250694274902344
45.80780029296875, 46.0306396484375
45.80780029296875, 45.250694274902344
45.80780029296875, 46.0306396484375
45.80780029296875, 45.250694274902344
45.80780029296875, 46.0306396484375
45.80780029296875, 45.250694274902344
45.919219970703125, 45.696380615234375
45.80780029296875, 46.142059326171875
46.476322174072266, 45.584957122802734
45.919219970703125, 46.142059326171875
46.476322174072266, 45.584957122802734
45.919219970703125, 46.142059326171875
45.919219970703125, 46.0306396484375
45.80780029296875, 45.584957122802734
45.919219970703125, 46.0306396484375
45.80780029296875, 45.584957122802734
46.476322174072266, 45.584957122802734
45.919219970703125, 46.142059326171875
45.919219970703125, 46.0306396484375
45.80780029296875, 45.584957122802734
45.919219970703125, 46.0306396484375
45.80780029296875, 45.584957122802734
45.919219970703125, 46.0306396484375
45.80780029296875, 45.584957122802734
46.476322174072266, 45.584957122802734
45.919219970703125, 46.142059326171875
45.919219970703125, 46.0306396484375
45.80780029296875, 45.584957122802734
45.919219970703125, 46.0306396484375
45.80780029296875, 45.584957122802734
45.919219970703125, 46.0306396484375
45.80780029296875, 45.584957122802734
46.476322174072266, 45.584957122802734
45.919219970703125, 46.142059326171875
45.919219970703125, 46.0306396484375
45.80780029296875, 45.584957122802734
45.919219970703125, 46.0306396484375
45.80780029296875, 45.584957122802734
45.919219970703125, 46.0306396484375
45.80780029296875, 45.584957122802734
46.476322174072266, 45.584957122802734
45.250694274902344, 45.80780029296875
45.919219970703125, 46.0306396484375
45.919219970703125, 45.584957122802734
45.919219970703125, 46.0306396484375
45.80780029296875, 45.584957122802734
45.696380615234375, 46.0306396484375
45.80780029296875, 45.584957122802734
45.696380615234375, 46.0306396484375
45.362117767333984, 45.250694274902344
44.805015563964844, 45.250694274902344
45.362117767333984, 45.250694274902344
45.47353744506836, 44.35932922363281
45.250694274902344, 44.47075271606445
45.250694274902344, 44.47075271606445
44.58217239379883, 46.0306396484375
44.58217239379883, 44.35932922363281
43.80222702026367, 45.362117767333984
44.35932922363281, 44.24790954589844
43.80222702026367, 45.362117767333984
43.80222702026367, 45.362117767333984
44.35932922363281, 44.24790954589844
43.80222702026367, 45.362117767333984
44.35932922363281, 44.24790954589844
43.80222702026367, 45.362117767333984
44.35932922363281, 44.24790954589844
45.696380615234375, 45.919219970703125
45.250694274902344, 45.80780029296875
45.584957122802734, 46.92200469970703
46.587745666503906, 47.25626754760742
46.253482818603516, 46.587745666503906
46.253482818603516, 47.033424377441406
45.696380615234375, 46.253482818603516
45.696380615234375, 46.253482818603516
45.696380615234375, 46.253482818603516
48.14763259887695, 49.596099853515625
48.92757797241211, 48.14763259887695
48.14763259887695, 49.596099853515625
48.92757797241211, 48.14763259887695
48.14763259887695, 49.596099853515625
48.92757797241211, 48.14763259887695
47.3676872253418, 47.92478942871094
47.47911071777344, 47.70195007324219
48.03621292114258, 48.14763259887695
44.47075271606445, 45.13927459716797
44.6935920715332, 44.91643524169922
44.6935920715332, 44.91643524169922
44.13648986816406, 44.6935920715332
44.13648986816406, 44.6935920715332
44.13648986816406, 44.6935920715332
46.142059326171875, 45.696380615234375
46.810585021972656, 46.142059326171875
46.36490249633789, 46.36490249633789
45.80780029296875, 44.91643524169922
45.584957122802734, 45.027854919433594
45.584957122802734, 45.027854919433594
45.584957122802734, 45.027854919433594
45.027854919433594, 44.47075271606445
45.250694274902344, 45.696380615234375
44.805015563964844, 45.13927459716797
45.027854919433594, 45.80780029296875
45.13927459716797, 44.58217239379883
44.47075271606445, 43.24512481689453
43.356544494628906, 43.24512481689453
44.58217239379883, 43.6908073425293
43.24512481689453, 44.47075271606445
44.58217239379883, 43.6908073425293
43.24512481689453, 44.47075271606445
44.13648986816406, 43.46796798706055
43.356544494628906, 44.6935920715332
44.13648986816406, 43.46796798706055
43.356544494628906, 44.6935920715332
44.35932922363281, 44.47075271606445
44.91643524169922, 43.24512481689453
44.13648986816406, 43.46796798706055
43.356544494628906, 44.6935920715332
44.35932922363281, 44.47075271606445
44.91643524169922, 43.24512481689453
44.13648986816406, 43.46796798706055
43.356544494628906, 44.6935920715332
44.13648986816406, 43.91365051269531
43.6908073425293, 45.250694274902344
44.13648986816406, 43.91365051269531
43.6908073425293, 45.250694274902344
45.027854919433594, 44.47075271606445
43.80222702026367, 45.027854919433594
45.027854919433594, 44.47075271606445
43.80222702026367, 45.027854919433594
45.250694274902344, 45.696380615234375
45.027854919433594, 45.80780029296875
44.91643524169922, 44.35932922363281
43.91365051269531, 43.02228546142578
44.35932922363281, 44.47075271606445
43.91365051269531, 43.02228546142578
44.35932922363281, 44.47075271606445
43.91365051269531, 43.02228546142578
44.13648986816406, 43.46796798706055
43.356544494628906, 44.6935920715332
44.35932922363281, 44.47075271606445
43.91365051269531, 43.02228546142578
44.35932922363281, 44.47075271606445
43.91365051269531, 43.02228546142578
44.13648986816406, 43.46796798706055
43.356544494628906, 44.6935920715332
44.35932922363281, 44.47075271606445
43.91365051269531, 43.02228546142578
44.35932922363281, 44.47075271606445
43.91365051269531, 43.02228546142578
44.13648986816406, 43.46796798706055
43.356544494628906, 44.6935920715332
44.35932922363281, 44.47075271606445
43.91365051269531, 43.02228546142578
44.35932922363281, 44.47075271606445
43.91365051269531, 43.02228546142578
44.13648986816406, 43.46796798706055
43.356544494628906, 44.6935920715332
44.35932922363281, 44.47075271606445
43.91365051269531, 43.02228546142578
44.35932922363281, 44.47075271606445
43.91365051269531, 43.02228546142578
44.13648986816406, 43.46796798706055
43.356544494628906, 44.6935920715332
44.35932922363281, 44.47075271606445
43.91365051269531, 43.02228546142578
44.35932922363281, 44.47075271606445
43.91365051269531, 43.02228546142578
44.13648986816406, 43.46796798706055
43.356544494628906, 44.6935920715332
44.35932922363281, 44.47075271606445
43.91365051269531, 43.02228546142578
44.35932922363281, 44.47075271606445
43.91365051269531, 43.02228546142578
44.13648986816406, 43.46796798706055
43.356544494628906, 44.6935920715332
44.35932922363281, 44.47075271606445
43.91365051269531, 43.02228546142578
44.35932922363281, 44.47075271606445
43.91365051269531, 43.02228546142578
44.13648986816406, 43.46796798706055
43.6908073425293, 45.250694274902344
44.35932922363281, 44.47075271606445
43.91365051269531, 43.02228546142578
44.35932922363281, 44.47075271606445
43.91365051269531, 43.02228546142578
44.35932922363281, 44.47075271606445
43.91365051269531, 43.02228546142578
44.13648986816406, 43.46796798706055
43.356544494628906, 44.6935920715332
44.35932922363281, 44.47075271606445
43.91365051269531, 43.02228546142578
44.35932922363281, 44.47075271606445
43.91365051269531, 43.02228546142578
44.13648986816406, 43.46796798706055
43.6908073425293, 45.250694274902344
44.35932922363281, 44.47075271606445
44.47075271606445, 43.80222702026367
44.35932922363281, 44.47075271606445
43.91365051269531, 43.02228546142578
44.35932922363281, 44.47075271606445
43.91365051269531, 43.02228546142578
44.35932922363281, 44.47075271606445
43.91365051269531, 43.02228546142578
44.13648986816406, 43.46796798706055
43.356544494628906, 44.6935920715332
44.35932922363281, 44.47075271606445
43.91365051269531, 43.02228546142578
44.35932922363281, 44.47075271606445
43.91365051269531, 43.02228546142578
44.35932922363281, 44.47075271606445
43.91365051269531, 43.02228546142578
44.13648986816406, 43.46796798706055
43.6908073425293, 45.250694274902344
44.35932922363281, 44.47075271606445
43.91365051269531, 43.02228546142578
44.35932922363281, 44.47075271606445
43.91365051269531, 43.02228546142578
44.58217239379883, 44.91643524169922
43.91365051269531, 43.02228546142578
45.696380615234375, 44.47075271606445
45.13927459716797, 45.47353744506836
45.250694274902344, 44.91643524169922
43.80222702026367, 45.027854919433594
45.250694274902344, 44.91643524169922
43.80222702026367, 45.027854919433594
45.250694274902344, 44.91643524169922
43.80222702026367, 45.027854919433594
45.250694274902344, 44.91643524169922
43.80222702026367, 45.027854919433594
45.250694274902344, 44.58217239379883
44.02507019042969, 44.47075271606445
45.250694274902344, 44.58217239379883
44.02507019042969, 44.47075271606445
45.250694274902344, 44.58217239379883
44.02507019042969, 44.47075271606445
44.24790954589844, 44.13648986816406
44.02507019042969, 44.47075271606445
44.24790954589844, 44.13648986816406
44.02507019042969, 44.47075271606445
44.24790954589844, 44.13648986816406
44.02507019042969, 44.47075271606445
44.24790954589844, 44.13648986816406
44.02507019042969, 44.47075271606445
44.02507019042969, 44.47075271606445
44.24790954589844, 44.13648986816406
45.584957122802734, 46.810585021972656
46.810585021972656, 47.81336975097656
48.03621292114258, 47.81336975097656
45.80780029296875, 47.59053039550781
46.69916534423828, 46.810585021972656
47.14484786987305, 47.14484786987305
47.033424377441406, 47.59053039550781
47.14484786987305, 47.3676872253418
47.14484786987305, 47.3676872253418
47.3676872253418, 47.59053039550781
47.3676872253418, 47.59053039550781
47.3676872253418, 47.59053039550781
44.91643524169922, 45.027854919433594
45.027854919433594, 44.47075271606445
44.91643524169922, 45.027854919433594
45.027854919433594, 44.47075271606445
44.91643524169922, 45.027854919433594
45.027854919433594, 44.47075271606445
44.02507019042969, 44.13648986816406
44.13648986816406, 44.24790954589844
45.027854919433594, 44.47075271606445
44.6935920715332, 45.027854919433594
44.805015563964844, 44.35932922363281
45.250694274902344, 44.58217239379883
44.805015563964844, 44.47075271606445
44.58217239379883, 45.80780029296875
44.805015563964844, 44.47075271606445
44.58217239379883, 45.80780029296875
44.58217239379883, 44.24790954589844
44.91643524169922, 45.362117767333984
44.58217239379883, 44.24790954589844
44.805015563964844, 45.13927459716797
44.13648986816406, 43.91365051269531
44.805015563964844, 45.13927459716797
44.6935920715332, 44.35932922363281
44.58217239379883, 45.584957122802734
44.6935920715332, 44.35932922363281
44.58217239379883, 45.584957122802734
44.6935920715332, 44.35932922363281
44.58217239379883, 45.584957122802734
44.91643524169922, 45.027854919433594
45.13927459716797, 44.24790954589844
44.47075271606445, 44.805015563964844
45.13927459716797, 44.24790954589844
44.47075271606445, 44.805015563964844
45.13927459716797, 44.24790954589844
44.47075271606445, 44.805015563964844
45.13927459716797, 44.24790954589844
44.47075271606445, 44.805015563964844
44.6935920715332, 44.805015563964844
44.58217239379883, 43.80222702026367
44.6935920715332, 44.805015563964844
44.58217239379883, 43.80222702026367
44.6935920715332, 44.805015563964844
44.58217239379883, 43.80222702026367
44.6935920715332, 44.805015563964844
44.58217239379883, 43.80222702026367
44.47075271606445, 44.58217239379883
44.91643524169922, 44.02507019042969
44.24790954589844, 44.47075271606445
44.805015563964844, 44.35932922363281
44.24790954589844, 44.47075271606445
44.805015563964844, 44.35932922363281
45.362117767333984, 44.805015563964844
44.24790954589844, 45.250694274902344
45.362117767333984, 44.805015563964844
44.24790954589844, 45.250694274902344
45.362117767333984, 44.805015563964844
44.24790954589844, 45.250694274902344
44.24790954589844, 44.47075271606445
45.80780029296875, 44.13648986816406
45.13927459716797, 45.13927459716797
44.58217239379883, 45.696380615234375
44.6935920715332, 44.805015563964844
44.24790954589844, 44.24790954589844
44.6935920715332, 44.805015563964844
44.24790954589844, 44.24790954589844
44.6935920715332, 44.805015563964844
44.24790954589844, 44.24790954589844
44.6935920715332, 44.805015563964844
44.35932922363281, 44.35932922363281
45.250694274902344, 45.13927459716797
45.13927459716797, 45.362117767333984
45.250694274902344, 45.13927459716797
45.13927459716797, 45.362117767333984
44.35932922363281, 44.35932922363281
46.142059326171875, 45.362117767333984
45.80780029296875, 45.919219970703125
46.142059326171875, 45.362117767333984
45.80780029296875, 45.919219970703125
45.362117767333984, 45.13927459716797
45.80780029296875, 45.919219970703125
45.362117767333984, 45.13927459716797
45.47353744506836, 44.91643524169922
45.47353744506836, 46.142059326171875
45.47353744506836, 44.91643524169922
45.47353744506836, 46.142059326171875
46.476322174072266, 44.58217239379883
45.47353744506836, 46.142059326171875
46.476322174072266, 44.58217239379883
45.80780029296875, 45.919219970703125
45.362117767333984, 44.35932922363281
45.80780029296875, 45.919219970703125
44.47075271606445, 44.13648986816406
45.250694274902344, 45.47353744506836
44.47075271606445, 44.13648986816406
45.250694274902344, 45.47353744506836
44.13648986816406, 45.027854919433594
45.919219970703125, 44.58217239379883
45.362117767333984, 45.362117767333984
44.58217239379883, 45.47353744506836
44.805015563964844, 44.47075271606445
45.696380615234375, 45.80780029296875
44.805015563964844, 44.47075271606445
45.696380615234375, 45.80780029296875
44.805015563964844, 44.47075271606445
45.696380615234375, 45.80780029296875
44.805015563964844, 44.47075271606445
44.91643524169922, 45.919219970703125
44.805015563964844, 44.47075271606445
44.91643524169922, 45.919219970703125
44.805015563964844, 44.47075271606445
44.805015563964844, 45.13927459716797
44.805015563964844, 44.47075271606445
44.805015563964844, 45.13927459716797
44.805015563964844, 44.47075271606445
44.805015563964844, 45.13927459716797
44.805015563964844, 44.47075271606445
47.3676872253418, 47.25626754760742
46.69916534423828, 48.92757797241211
47.3676872253418, 47.25626754760742
46.69916534423828, 48.92757797241211
47.3676872253418, 47.25626754760742
46.69916534423828, 48.92757797241211
47.25626754760742, 47.3676872253418
46.92200469970703, 46.142059326171875
47.25626754760742, 47.3676872253418
46.92200469970703, 46.142059326171875
47.25626754760742, 47.3676872253418
46.92200469970703, 46.142059326171875
47.25626754760742, 47.3676872253418
46.69916534423828, 46.92200469970703
47.033424377441406, 46.69916534423828
46.69916534423828, 46.92200469970703
47.59053039550781, 46.810585021972656
47.59053039550781, 46.810585021972656
47.70195007324219, 47.81336975097656
47.59053039550781, 46.810585021972656
46.36490249633789, 47.47911071777344
47.59053039550781, 46.810585021972656
46.36490249633789, 47.47911071777344
47.59053039550781, 46.810585021972656
46.36490249633789, 47.47911071777344
47.47911071777344, 46.36490249633789
46.36490249633789, 47.47911071777344
47.033424377441406, 46.92200469970703
46.36490249633789, 47.70195007324219
47.033424377441406, 47.3676872253418
47.92478942871094, 46.92200469970703
47.033424377441406, 47.81336975097656
47.92478942871094, 46.92200469970703
47.033424377441406, 47.81336975097656
46.92200469970703, 47.033424377441406
47.81336975097656, 45.919219970703125
46.92200469970703, 47.033424377441406
47.47911071777344, 45.696380615234375
47.59053039550781, 46.810585021972656
46.36490249633789, 47.47911071777344
47.59053039550781, 46.810585021972656
46.36490249633789, 47.47911071777344
47.033424377441406, 46.92200469970703
46.92200469970703, 47.59053039550781
47.81336975097656, 46.69916534423828
46.92200469970703, 47.59053039550781
47.81336975097656, 46.69916534423828
46.92200469970703, 47.59053039550781
47.92478942871094, 47.81336975097656
46.92200469970703, 47.59053039550781
47.92478942871094, 47.81336975097656
46.92200469970703, 47.59053039550781
47.92478942871094, 47.81336975097656
46.92200469970703, 47.59053039550781
47.59053039550781, 47.70195007324219
47.47911071777344, 47.14484786987305
47.59053039550781, 47.70195007324219
47.47911071777344, 48.14763259887695
48.03621292114258, 46.69916534423828
47.47911071777344, 48.14763259887695
48.03621292114258, 46.69916534423828
47.25626754760742, 47.92478942871094
47.47911071777344, 47.14484786987305
47.25626754760742, 47.92478942871094
47.47911071777344, 48.14763259887695
48.03621292114258, 46.69916534423828
47.47911071777344, 48.14763259887695
47.47911071777344, 47.14484786987305
47.25626754760742, 47.92478942871094
47.47911071777344, 48.14763259887695
48.704734802246094, 46.253482818603516
47.47911071777344, 48.14763259887695
48.03621292114258, 46.69916534423828
47.25626754760742, 47.92478942871094
47.47911071777344, 48.14763259887695
48.704734802246094, 46.253482818603516
47.47911071777344, 48.14763259887695
48.03621292114258, 46.69916534423828
47.25626754760742, 47.92478942871094
47.47911071777344, 47.14484786987305
47.25626754760742, 47.92478942871094
47.47911071777344, 48.14763259887695
48.03621292114258, 46.69916534423828
45.696380615234375, 47.14484786987305
47.033424377441406, 45.47353744506836
45.696380615234375, 47.14484786987305
47.033424377441406, 45.47353744506836
45.696380615234375, 47.14484786987305
47.033424377441406, 45.47353744506836
45.584957122802734, 46.0306396484375
45.919219970703125, 45.362117767333984
45.584957122802734, 46.0306396484375
45.919219970703125, 45.362117767333984
44.58217239379883, 45.696380615234375
45.362117767333984, 45.80780029296875
46.253482818603516, 45.47353744506836
45.250694274902344, 45.696380615234375
47.14484786987305, 45.584957122802734
45.584957122802734, 45.919219970703125
47.14484786987305, 45.584957122802734
45.584957122802734, 45.919219970703125
47.14484786987305, 45.584957122802734
47.14484786987305, 45.584957122802734
45.80780029296875, 45.919219970703125
46.69916534423828, 46.142059326171875
46.476322174072266, 46.587745666503906
46.69916534423828, 46.142059326171875
46.476322174072266, 46.587745666503906
46.69916534423828, 46.142059326171875
46.476322174072266, 46.0306396484375
46.69916534423828, 47.70195007324219
46.476322174072266, 46.0306396484375
46.69916534423828, 47.70195007324219
46.476322174072266, 46.0306396484375
47.14484786987305, 46.810585021972656
46.69916534423828, 47.033424377441406
47.14484786987305, 47.47911071777344
47.14484786987305, 45.919219970703125
47.14484786987305, 47.47911071777344
47.14484786987305, 45.919219970703125
46.476322174072266, 46.810585021972656
47.14484786987305, 45.919219970703125
46.476322174072266, 46.810585021972656
47.14484786987305, 45.919219970703125
46.476322174072266, 46.810585021972656
47.14484786987305, 45.919219970703125
46.0306396484375, 46.587745666503906
47.14484786987305, 45.919219970703125
46.0306396484375, 46.587745666503906
47.14484786987305, 45.919219970703125
46.0306396484375, 46.587745666503906
47.3676872253418, 47.47911071777344
46.69916534423828, 47.14484786987305
47.81336975097656, 46.92200469970703
46.587745666503906, 46.587745666503906
47.25626754760742, 46.810585021972656
48.25905227661133, 45.80780029296875
48.37047576904297, 46.69916534423828
48.481895446777344, 46.92200469970703
48.481895446777344, 46.92200469970703
48.704734802246094, 47.3676872253418
48.704734802246094, 47.3676872253418
48.704734802246094, 47.3676872253418
46.69916534423828, 46.36490249633789
46.253482818603516, 45.696380615234375
45.362117767333984, 45.584957122802734
46.253482818603516, 45.696380615234375
45.362117767333984, 45.584957122802734
45.362117767333984, 46.142059326171875
45.584957122802734, 45.919219970703125
45.47353744506836, 47.70195007324219
45.584957122802734, 47.92478942871094
46.253482818603516, 47.81336975097656
46.92200469970703, 47.81336975097656
46.92200469970703, 47.81336975097656
46.253482818603516, 47.14484786987305
47.033424377441406, 46.810585021972656
46.92200469970703, 46.587745666503906
46.92200469970703, 46.587745666503906
46.92200469970703, 46.587745666503906
46.92200469970703, 46.587745666503906
46.142059326171875, 46.69916534423828
46.476322174072266, 46.36490249633789
46.142059326171875, 46.69916534423828
47.3676872253418, 48.03621292114258
47.92478942871094, 48.25905227661133
48.704734802246094, 48.704734802246094
48.25905227661133, 47.47911071777344
47.14484786987305, 49.2618408203125
48.25905227661133, 47.47911071777344
46.810585021972656, 49.596099853515625
46.92200469970703, 47.70195007324219
48.03621292114258, 48.481895446777344
48.03621292114258, 47.92478942871094
48.81615447998047, 48.14763259887695
47.59053039550781, 47.3676872253418
46.810585021972656, 48.92757797241211
48.81615447998047, 48.14763259887695
47.92478942871094, 48.481895446777344
48.81615447998047, 48.14763259887695
47.033424377441406, 48.03621292114258
48.37047576904297, 47.70195007324219
47.033424377441406, 48.03621292114258
48.37047576904297, 47.70195007324219
47.59053039550781, 47.25626754760742
46.476322174072266, 48.14763259887695
47.59053039550781, 47.25626754760742
46.92200469970703, 47.92478942871094
47.59053039550781, 47.25626754760742
46.92200469970703, 47.92478942871094
48.03621292114258, 47.81336975097656
47.59053039550781, 47.70195007324219
48.03621292114258, 47.81336975097656
47.59053039550781, 47.70195007324219
48.03621292114258, 47.81336975097656
47.47911071777344, 46.92200469970703
47.033424377441406, 47.81336975097656
47.47911071777344, 46.92200469970703
46.69916534423828, 47.14484786987305
47.033424377441406, 46.69916534423828
47.47911071777344, 46.587745666503906
47.033424377441406, 47.81336975097656
47.47911071777344, 46.587745666503906
47.033424377441406, 47.81336975097656
46.810585021972656, 47.033424377441406
47.033424377441406, 46.69916534423828
46.810585021972656, 47.033424377441406
47.033424377441406, 46.69916534423828
46.810585021972656, 47.25626754760742
47.033424377441406, 46.69916534423828
46.810585021972656, 47.25626754760742
47.033424377441406, 46.69916534423828
46.810585021972656, 47.25626754760742
47.033424377441406, 46.142059326171875
47.47911071777344, 45.584957122802734
47.033424377441406, 47.59053039550781
47.47911071777344, 45.584957122802734
47.033424377441406, 47.59053039550781
47.3676872253418, 45.47353744506836
46.810585021972656, 47.25626754760742
47.3676872253418, 45.47353744506836
46.810585021972656, 47.25626754760742
47.3676872253418, 45.47353744506836
46.810585021972656, 47.25626754760742
47.3676872253418, 45.47353744506836
46.810585021972656, 47.25626754760742
47.3676872253418, 45.47353744506836
46.810585021972656, 47.25626754760742
47.3676872253418, 45.47353744506836
46.92200469970703, 46.69916534423828
46.810585021972656, 46.253482818603516
46.69916534423828, 47.3676872253418
46.810585021972656, 46.253482818603516
46.69916534423828, 47.3676872253418
46.36490249633789, 47.25626754760742
47.14484786987305, 46.92200469970703
46.36490249633789, 47.25626754760742
47.14484786987305, 46.92200469970703
46.36490249633789, 47.25626754760742
47.14484786987305, 46.92200469970703
46.36490249633789, 47.25626754760742
46.142059326171875, 46.476322174072266
46.69916534423828, 46.36490249633789
46.142059326171875, 46.476322174072266
46.69916534423828, 46.810585021972656
47.81336975097656, 46.253482818603516
47.14484786987305, 46.92200469970703
46.142059326171875, 46.476322174072266
47.14484786987305, 46.92200469970703
46.36490249633789, 47.25626754760742
46.142059326171875, 46.476322174072266
46.69916534423828, 46.36490249633789
46.142059326171875, 46.476322174072266
47.25626754760742, 46.0306396484375
46.142059326171875, 46.476322174072266
47.25626754760742, 46.0306396484375
47.14484786987305, 47.033424377441406
47.033424377441406, 47.14484786987305
47.14484786987305, 48.92757797241211
47.3676872253418, 48.481895446777344
47.70195007324219, 48.81615447998047
46.810585021972656, 47.92478942871094
46.36490249633789, 46.253482818603516
46.92200469970703, 45.696380615234375
47.81336975097656, 46.253482818603516
45.584957122802734, 44.91643524169922
46.142059326171875, 44.91643524169922
45.362117767333984, 45.696380615234375
46.142059326171875, 45.696380615234375
46.69916534423828, 46.0306396484375
45.696380615234375, 46.69916534423828
47.70195007324219, 46.69916534423828
46.253482818603516, 47.47911071777344
47.70195007324219, 46.69916534423828
46.253482818603516, 47.47911071777344
47.70195007324219, 46.69916534423828
46.253482818603516, 47.47911071777344
47.59053039550781, 46.36490249633789
46.142059326171875, 46.476322174072266
47.14484786987305, 47.25626754760742
48.37047576904297, 47.25626754760742
47.14484786987305, 47.25626754760742
48.37047576904297, 47.25626754760742
47.14484786987305, 47.25626754760742
48.37047576904297, 47.25626754760742
47.14484786987305, 47.25626754760742
48.37047576904297, 47.25626754760742
47.14484786987305, 47.25626754760742
48.37047576904297, 47.25626754760742
47.14484786987305, 47.25626754760742
48.37047576904297, 47.25626754760742
47.14484786987305, 47.25626754760742
48.37047576904297, 47.25626754760742
47.14484786987305, 47.25626754760742
48.37047576904297, 47.25626754760742
47.14484786987305, 47.25626754760742
48.37047576904297, 47.25626754760742
47.14484786987305, 47.25626754760742
48.37047576904297, 47.25626754760742
47.14484786987305, 47.25626754760742
48.37047576904297, 47.25626754760742
47.14484786987305, 47.25626754760742
48.37047576904297, 47.25626754760742
47.14484786987305, 47.25626754760742
48.37047576904297, 47.25626754760742
47.14484786987305, 47.25626754760742
48.37047576904297, 47.25626754760742
47.14484786987305, 47.25626754760742
48.37047576904297, 47.25626754760742
47.14484786987305, 47.25626754760742
48.37047576904297, 47.25626754760742
47.14484786987305, 47.25626754760742
48.37047576904297, 47.25626754760742
47.14484786987305, 47.25626754760742
48.37047576904297, 47.25626754760742
47.14484786987305, 47.25626754760742
48.37047576904297, 47.25626754760742
47.14484786987305, 47.25626754760742
48.37047576904297, 47.25626754760742
47.14484786987305, 47.25626754760742
48.37047576904297, 47.25626754760742
47.14484786987305, 47.25626754760742
48.37047576904297, 47.25626754760742
47.14484786987305, 47.25626754760742
48.37047576904297, 47.25626754760742
47.14484786987305, 47.25626754760742
48.25905227661133, 48.481895446777344
47.14484786987305, 47.92478942871094
47.14484786987305, 47.92478942871094
47.3676872253418, 46.142059326171875
47.47911071777344, 46.253482818603516
47.47911071777344, 46.253482818603516
47.14484786987305, 46.253482818603516
46.587745666503906, 47.14484786987305
47.14484786987305, 46.253482818603516
46.587745666503906, 47.14484786987305
47.14484786987305, 46.253482818603516
46.36490249633789, 47.3676872253418
47.14484786987305, 46.253482818603516
46.36490249633789, 47.3676872253418
46.69916534423828, 46.69916534423828
46.253482818603516, 47.59053039550781
46.69916534423828, 46.69916534423828
46.253482818603516, 47.59053039550781
46.69916534423828, 46.69916534423828
47.033424377441406, 46.810585021972656
46.69916534423828, 47.25626754760742
47.033424377441406, 46.810585021972656
46.587745666503906, 47.47911071777344
47.033424377441406, 46.810585021972656
46.587745666503906, 47.47911071777344
46.253482818603516, 46.92200469970703
46.69916534423828, 46.69916534423828
46.253482818603516, 46.92200469970703
46.69916534423828, 46.69916534423828
46.253482818603516, 46.92200469970703
46.69916534423828, 46.69916534423828
46.253482818603516, 46.92200469970703
46.69916534423828, 46.69916534423828
46.253482818603516, 46.92200469970703
45.696380615234375, 46.253482818603516
44.91643524169922, 47.14484786987305
45.696380615234375, 46.0306396484375
43.6908073425293, 45.696380615234375
43.80222702026367, 45.027854919433594
44.58217239379883, 44.6935920715332
44.58217239379883, 44.24790954589844
44.58217239379883, 44.24790954589844
44.58217239379883, 44.24790954589844
44.58217239379883, 44.24790954589844
45.250694274902344, 44.24790954589844
45.250694274902344, 44.24790954589844
45.13927459716797, 44.35932922363281
45.13927459716797, 45.919219970703125
45.250694274902344, 44.35932922363281
45.027854919433594, 44.6935920715332
45.80780029296875, 45.250694274902344
45.696380615234375, 45.13927459716797
45.250694274902344, 45.027854919433594
45.250694274902344, 45.027854919433594
45.250694274902344, 45.027854919433594
45.250694274902344, 45.027854919433594
45.250694274902344, 45.027854919433594
45.362117767333984, 45.362117767333984
45.362117767333984, 45.362117767333984
44.91643524169922, 45.362117767333984
43.80222702026367, 45.919219970703125
44.6935920715332, 45.80780029296875
44.6935920715332, 45.80780029296875
44.6935920715332, 45.80780029296875
44.6935920715332, 45.80780029296875
44.6935920715332, 45.80780029296875
44.6935920715332, 45.80780029296875
43.91365051269531, 45.80780029296875
44.13648986816406, 44.805015563964844
44.805015563964844, 45.696380615234375
45.696380615234375, 46.587745666503906
45.919219970703125, 46.253482818603516
45.919219970703125, 46.253482818603516
46.36490249633789, 46.92200469970703
46.36490249633789, 46.92200469970703
46.36490249633789, 46.92200469970703
46.36490249633789, 46.92200469970703
45.250694274902344, 46.0306396484375
44.6935920715332, 44.91643524169922
46.253482818603516, 46.253482818603516
46.253482818603516, 46.253482818603516
49.373260498046875, 50.153202056884766
49.373260498046875, 50.59888458251953
49.038997650146484, 49.596099853515625
47.47911071777344, 48.92757797241211
48.481895446777344, 49.596099853515625
48.481895446777344, 49.818939208984375
48.37047576904297, 48.81615447998047
48.37047576904297, 48.81615447998047
48.37047576904297, 48.81615447998047
47.25626754760742, 47.14484786987305
47.25626754760742, 47.25626754760742
45.919219970703125, 47.14484786987305
47.25626754760742, 47.25626754760742
45.919219970703125, 47.14484786987305
46.476322174072266, 46.476322174072266
45.250694274902344, 45.919219970703125
46.476322174072266, 46.476322174072266
45.250694274902344, 45.919219970703125
46.476322174072266, 46.476322174072266
45.250694274902344, 45.919219970703125
46.476322174072266, 46.476322174072266
45.250694274902344, 45.919219970703125
46.476322174072266, 46.476322174072266
45.250694274902344, 45.919219970703125
46.476322174072266, 46.476322174072266
47.033424377441406, 46.69916534423828
46.142059326171875, 46.476322174072266
47.033424377441406, 46.69916534423828
46.142059326171875, 46.476322174072266
47.033424377441406, 46.69916534423828
46.142059326171875, 46.476322174072266
45.584957122802734, 45.80780029296875
47.70195007324219, 46.810585021972656
45.584957122802734, 45.80780029296875
47.70195007324219, 46.810585021972656
45.584957122802734, 45.80780029296875
47.70195007324219, 46.810585021972656
45.584957122802734, 45.80780029296875
46.253482818603516, 46.142059326171875
45.584957122802734, 45.80780029296875
46.253482818603516, 46.142059326171875
45.584957122802734, 45.80780029296875
46.253482818603516, 46.142059326171875
44.6935920715332, 44.35932922363281
45.250694274902344, 45.47353744506836
44.91643524169922, 44.91643524169922
45.250694274902344, 45.47353744506836
44.91643524169922, 44.91643524169922
45.250694274902344, 45.47353744506836
44.91643524169922, 44.91643524169922
45.250694274902344, 45.47353744506836
44.91643524169922, 44.91643524169922
45.250694274902344, 45.47353744506836
45.250694274902344, 45.47353744506836
44.91643524169922, 44.91643524169922
45.250694274902344, 45.47353744506836
44.91643524169922, 44.91643524169922
45.250694274902344, 45.47353744506836
44.91643524169922, 45.696380615234375
45.80780029296875, 45.13927459716797
44.91643524169922, 45.696380615234375
45.80780029296875, 45.13927459716797
44.91643524169922, 45.696380615234375
45.80780029296875, 45.13927459716797
44.6935920715332, 45.919219970703125
45.696380615234375, 45.80780029296875
45.250694274902344, 45.250694274902344
45.80780029296875, 46.92200469970703
46.36490249633789, 46.36490249633789
45.362117767333984, 46.476322174072266
46.587745666503906, 46.36490249633789
45.362117767333984, 46.476322174072266
46.587745666503906, 46.36490249633789
45.362117767333984, 46.476322174072266
46.587745666503906, 46.36490249633789
46.92200469970703, 46.142059326171875
46.253482818603516, 47.14484786987305
46.92200469970703, 46.142059326171875
46.253482818603516, 47.14484786987305
46.92200469970703, 46.142059326171875
46.476322174072266, 46.810585021972656
46.92200469970703, 46.142059326171875
46.476322174072266, 46.810585021972656
46.92200469970703, 46.142059326171875
46.476322174072266, 46.810585021972656
46.92200469970703, 46.142059326171875
47.033424377441406, 47.25626754760742
46.92200469970703, 46.142059326171875
47.033424377441406, 47.25626754760742
46.92200469970703, 46.142059326171875
47.033424377441406, 47.25626754760742
46.92200469970703, 46.142059326171875
47.033424377441406, 47.25626754760742
49.15041732788086, 48.25905227661133
47.81336975097656, 48.81615447998047
49.15041732788086, 48.25905227661133
47.81336975097656, 48.81615447998047
49.15041732788086, 48.25905227661133
47.81336975097656, 48.81615447998047
48.81615447998047, 48.14763259887695
47.81336975097656, 48.81615447998047
47.25626754760742, 48.81615447998047
47.033424377441406, 47.92478942871094
47.59053039550781, 47.033424377441406
48.59331512451172, 48.481895446777344
48.81615447998047, 48.14763259887695
47.81336975097656, 48.81615447998047
47.25626754760742, 48.81615447998047
46.92200469970703, 47.59053039550781
47.59053039550781, 47.033424377441406
46.92200469970703, 47.59053039550781
49.15041732788086, 47.81336975097656
47.47911071777344, 46.69916534423828
48.59331512451172, 46.69916534423828
47.033424377441406, 48.03621292114258
47.033424377441406, 47.25626754760742
46.69916534423828, 47.70195007324219
46.36490249633789, 47.3676872253418
47.033424377441406, 47.25626754760742
47.033424377441406, 47.25626754760742
47.81336975097656, 46.476322174072266
47.81336975097656, 46.476322174072266
47.81336975097656, 46.476322174072266
46.587745666503906, 46.142059326171875
49.038997650146484, 46.810585021972656
48.14763259887695, 46.142059326171875
48.59331512451172, 48.25905227661133
47.70195007324219, 48.37047576904297
48.59331512451172, 48.25905227661133
46.476322174072266, 48.14763259887695
47.033424377441406, 48.03621292114258
47.033424377441406, 48.03621292114258
47.033424377441406, 47.25626754760742
46.587745666503906, 47.25626754760742
46.810585021972656, 47.033424377441406
47.033424377441406, 47.25626754760742
47.033424377441406, 47.25626754760742
45.919219970703125, 47.14484786987305
45.919219970703125, 47.14484786987305
46.142059326171875, 46.476322174072266
46.142059326171875, 46.476322174072266
45.13927459716797, 45.584957122802734
45.13927459716797, 44.35932922363281
45.13927459716797, 44.35932922363281
45.13927459716797, 44.35932922363281
46.253482818603516, 46.36490249633789
44.91643524169922, 46.142059326171875
45.250694274902344, 45.80780029296875
43.80222702026367, 45.584957122802734
44.47075271606445, 45.13927459716797
44.35932922363281, 44.47075271606445
44.91643524169922, 44.6935920715332
44.91643524169922, 44.6935920715332
44.91643524169922, 44.6935920715332
44.91643524169922, 44.6935920715332
45.027854919433594, 45.250694274902344
44.91643524169922, 44.6935920715332
45.919219970703125, 45.919219970703125
45.362117767333984, 46.253482818603516
45.919219970703125, 45.919219970703125
45.362117767333984, 46.253482818603516
45.919219970703125, 45.919219970703125
45.362117767333984, 46.253482818603516
45.362117767333984, 46.253482818603516
45.027854919433594, 45.80780029296875
44.58217239379883, 46.253482818603516
44.47075271606445, 45.80780029296875
44.47075271606445, 45.80780029296875
44.805015563964844, 45.027854919433594
44.24790954589844, 44.24790954589844
43.24512481689453, 43.46796798706055
43.24512481689453, 43.46796798706055
43.24512481689453, 43.46796798706055
43.24512481689453, 43.46796798706055
47.59053039550781, 47.25626754760742
45.027854919433594, 46.810585021972656
47.59053039550781, 47.25626754760742
45.027854919433594, 46.810585021972656
47.59053039550781, 47.25626754760742
45.027854919433594, 46.810585021972656
46.36490249633789, 46.92200469970703
46.253482818603516, 45.919219970703125
46.36490249633789, 46.92200469970703
46.253482818603516, 45.919219970703125
46.36490249633789, 46.92200469970703
46.253482818603516, 45.919219970703125
46.36490249633789, 46.92200469970703
46.36490249633789, 45.584957122802734
46.36490249633789, 46.92200469970703
46.36490249633789, 45.584957122802734
46.36490249633789, 46.92200469970703
46.36490249633789, 45.584957122802734
45.362117767333984, 46.0306396484375
46.476322174072266, 47.14484786987305
45.919219970703125, 46.810585021972656
46.36490249633789, 45.696380615234375
45.584957122802734, 46.476322174072266
46.36490249633789, 45.696380615234375
45.584957122802734, 46.476322174072266
46.36490249633789, 45.696380615234375
45.362117767333984, 45.919219970703125
45.919219970703125, 45.250694274902344
44.91643524169922, 45.80780029296875
45.13927459716797, 45.250694274902344
45.13927459716797, 45.250694274902344
45.13927459716797, 45.250694274902344
44.24790954589844, 45.362117767333984
44.24790954589844, 45.362117767333984
44.24790954589844, 45.362117767333984
50.264625549316406, 48.37047576904297
48.59331512451172, 49.038997650146484
50.264625549316406, 48.37047576904297
48.59331512451172, 49.038997650146484
50.264625549316406, 48.37047576904297
48.59331512451172, 49.038997650146484
48.81615447998047, 47.59053039550781
48.59331512451172, 49.038997650146484
49.373260498046875, 48.14763259887695
48.704734802246094, 48.481895446777344
47.59053039550781, 48.704734802246094
48.704734802246094, 48.481895446777344
47.59053039550781, 48.704734802246094
48.704734802246094, 48.481895446777344
47.59053039550781, 48.704734802246094
48.704734802246094, 48.481895446777344
47.59053039550781, 48.704734802246094
48.704734802246094, 48.481895446777344
47.59053039550781, 48.704734802246094
46.69916534423828, 44.91643524169922
45.47353744506836, 45.362117767333984
46.142059326171875, 44.6935920715332
45.584957122802734, 45.027854919433594
45.250694274902344, 45.250694274902344
45.250694274902344, 45.250694274902344
45.250694274902344, 45.250694274902344
43.02228546142578, 43.02228546142578
44.58217239379883, 45.250694274902344
44.91643524169922, 44.58217239379883
44.58217239379883, 45.250694274902344
44.91643524169922, 44.58217239379883
44.58217239379883, 45.250694274902344
44.91643524169922, 44.58217239379883
44.13648986816406, 45.80780029296875
44.13648986816406, 44.91643524169922
45.362117767333984, 44.805015563964844
43.02228546142578, 45.47353744506836
44.58217239379883, 45.696380615234375
46.0306396484375, 45.250694274902344
45.47353744506836, 46.142059326171875
46.0306396484375, 45.250694274902344
45.362117767333984, 46.0306396484375
45.80780029296875, 45.47353744506836
45.362117767333984, 46.0306396484375
45.80780029296875, 45.47353744506836
45.362117767333984, 46.0306396484375
45.80780029296875, 45.47353744506836
45.362117767333984, 46.0306396484375
45.80780029296875, 45.47353744506836
45.250694274902344, 45.250694274902344
75.0, 75.0
75.0, 75.0
75.0, 75.0
75.0, 75.0
75.0, 75.0
75.0, 75.0
75.0, 73.58757019042969
75.0, 73.58757019042969
75.0, 75.0
75.0, 75.0
75.0, 75.0
75.0, 75.0
73.50746154785156, 75.0
73.50746154785156, 75.0
73.25870513916016, 75.0
72.76119232177734, 75.0
73.75621795654297, 75.0
75.0, 75.0
73.25870513916016, 75.0
75.0, 75.0
73.50746154785156, 75.0
74.00497436523438, 75.0
75.0, 75.0
74.50248718261719, 75.0
75.0, 75.0
73.75621795654297, 75.0
75.0, 75.0
74.50248718261719, 75.0
75.0, 75.0
74.50248718261719, 75.0
75.0, 75.0
74.50248718261719, 75.0
75.0, 75.0
74.50248718261719, 75.0
39.205020904541016, 43.53556442260742
42.21757507324219, 41.1820068359375
39.205020904541016, 43.53556442260742
42.21757507324219, 41.1820068359375
39.205020904541016, 43.53556442260742
42.21757507324219, 41.1820068359375
39.769874572753906, 44.6652717590332
42.21757507324219, 41.55857849121094
39.769874572753906, 44.6652717590332
42.21757507324219, 41.55857849121094
39.67573165893555, 42.31171417236328
41.27614974975586, 40.428871154785156
40.71129608154297, 42.59414291381836
41.27614974975586, 40.428871154785156
40.71129608154297, 42.59414291381836
41.37029266357422, 39.958160400390625
41.746864318847656, 42.02928924560547
41.37029266357422, 39.958160400390625
41.746864318847656, 42.02928924560547
40.80543899536133, 39.299163818359375
41.746864318847656, 42.02928924560547
40.80543899536133, 39.299163818359375
42.5, 40.24058532714844
37.13389205932617, 43.62970733642578
41.746864318847656, 42.02928924560547
41.37029266357422, 39.958160400390625
41.746864318847656, 42.02928924560547
40.80543899536133, 39.299163818359375
41.746864318847656, 42.02928924560547
40.80543899536133, 39.299163818359375
43.06485366821289, 41.27614974975586
40.80543899536133, 44.571128845214844
42.31171417236328, 42.78242492675781
42.78242492675781, 39.110877990722656
38.92259216308594, 36.38075256347656
36.28661346435547, 39.864017486572266
42.31171417236328, 42.78242492675781
42.78242492675781, 39.110877990722656
38.92259216308594, 36.38075256347656
36.28661346435547, 39.864017486572266
38.35774230957031, 37.6046028137207
34.87447738647461, 39.958160400390625
42.59414291381836, 44.571128845214844
43.15899658203125, 39.67573165893555
38.35774230957031, 37.6046028137207
34.87447738647461, 39.958160400390625
42.59414291381836, 44.571128845214844
43.15899658203125, 39.67573165893555
38.35774230957031, 37.6046028137207
34.87447738647461, 39.958160400390625
37.88703155517578, 38.075313568115234
39.01673889160156, 35.15690612792969
38.35774230957031, 37.6046028137207
36.09832763671875, 39.864017486572266
38.35774230957031, 37.6046028137207
36.09832763671875, 39.864017486572266
37.88703155517578, 38.075313568115234
39.205020904541016, 35.4393310546875
38.828453063964844, 37.22803497314453
36.09832763671875, 39.864017486572266
38.828453063964844, 37.22803497314453
36.09832763671875, 39.864017486572266
38.35774230957031, 37.41632080078125
34.121337890625, 39.205020904541016
42.12342834472656, 43.62970733642578
43.72385025024414, 37.22803497314453
38.828453063964844, 37.22803497314453
36.09832763671875, 39.864017486572266
38.35774230957031, 37.41632080078125
36.09832763671875, 39.864017486572266
42.40585708618164, 43.912132263183594
43.72385025024414, 37.22803497314453
38.828453063964844, 37.22803497314453
36.09832763671875, 39.864017486572266
43.15899658203125, 43.34728240966797
39.67573165893555, 33.74477005004883
39.110877990722656, 36.192466735839844
37.322174072265625, 39.58158874511719
38.828453063964844, 37.22803497314453
37.322174072265625, 39.58158874511719
43.15899658203125, 43.34728240966797
43.06485366821289, 36.94560623168945
39.110877990722656, 36.192466735839844
37.322174072265625, 39.58158874511719
38.451881408691406, 36.38075256347656
37.13389205932617, 38.734310150146484
42.68828582763672, 41.65271759033203
42.12342834472656, 43.912132263183594
42.68828582763672, 41.65271759033203
42.12342834472656, 43.912132263183594
42.68828582763672, 41.65271759033203
42.12342834472656, 43.912132263183594
42.68828582763672, 41.65271759033203
42.12342834472656, 43.912132263183594
41.65271759033203, 40.52301025390625
42.78242492675781, 43.15899658203125
41.65271759033203, 40.52301025390625
42.78242492675781, 43.15899658203125
41.65271759033203, 40.52301025390625
41.1820068359375, 41.37029266357422
39.67573165893555, 38.546024322509766
40.99372100830078, 40.05229949951172
38.640167236328125, 42.40585708618164
42.12342834472656, 42.21757507324219
41.37029266357422, 40.05229949951172
40.617156982421875, 39.487449645996094
38.640167236328125, 42.40585708618164
41.746864318847656, 41.46443557739258
40.05229949951172, 43.15899658203125
42.5, 41.087867736816406
41.65271759033203, 43.8179931640625
42.5, 41.087867736816406
41.65271759033203, 43.8179931640625
42.5, 41.087867736816406
41.65271759033203, 43.8179931640625
41.46443557739258, 42.02928924560547
40.99372100830078, 38.451881408691406
42.5, 41.087867736816406
41.65271759033203, 43.8179931640625
40.146446228027344, 39.205020904541016
39.864017486572266, 42.12342834472656
38.075313568115234, 38.546024322509766
38.734310150146484, 36.94560623168945
37.792884826660156, 36.38075256347656
38.828453063964844, 38.35774230957031
35.81589889526367, 39.958160400390625
39.39330291748047, 40.428871154785156
39.110877990722656, 40.71129608154297
38.734310150146484, 36.94560623168945
38.26359558105469, 37.981170654296875
38.828453063964844, 38.35774230957031
33.08577346801758, 35.72175598144531
34.121337890625, 34.59204864501953
34.78033447265625, 35.53347396850586
35.4393310546875, 33.46234130859375
34.121337890625, 33.46234130859375
33.74477005004883, 32.52091979980469
33.74477005004883, 34.59204864501953
33.74477005004883, 32.52091979980469
33.74477005004883, 34.59204864501953
33.2740592956543, 32.144351959228516
33.74477005004883, 34.59204864501953
33.2740592956543, 33.74477005004883
34.121337890625, 35.06275939941406
34.121337890625, 31.86192512512207
32.050209045410156, 31.485355377197266
32.897491455078125, 31.20292854309082
33.368202209472656, 33.65062713623047
31.673641204833984, 30.920501708984375
32.897491455078125, 32.803348541259766
30.826358795166016, 34.027198791503906
32.897491455078125, 32.803348541259766
30.826358795166016, 34.027198791503906
32.897491455078125, 32.803348541259766
30.826358795166016, 35.62761688232422
30.543933868408203, 29.131797790527344
29.131797790527344, 31.014644622802734
30.261505126953125, 29.037656784057617
28.472803115844727, 31.108787536621094
28.84937286376953, 29.50836944580078
28.84937286376953, 29.320083618164062
30.355648040771484, 30.63807487487793
31.391212463378906, 29.884937286376953
29.225940704345703, 28.94351577758789
28.755229949951172, 27.62552261352539
30.543933868408203, 27.81380844116211
29.414226531982422, 29.037656784057617
28.19037628173828, 27.81380844116211
28.19037628173828, 27.81380844116211
27.437238693237305, 28.755229949951172
27.15481185913086, 29.979080200195312
26.684101104736328, 29.414226531982422
27.62552261352539, 31.20292854309082
28.096233367919922, 29.414226531982422
28.84937286376953, 29.414226531982422
30.73221778869629, 30.73221778869629
29.225940704345703, 30.1673641204834
31.579498291015625, 31.579498291015625
30.073223114013672, 30.73221778869629
31.014644622802734, 31.29707145690918
32.709205627441406, 30.73221778869629
29.50836944580078, 29.790794372558594
30.73221778869629, 29.131797790527344
29.225940704345703, 28.94351577758789
27.15481185913086, 26.58995819091797
28.84937286376953, 26.96652603149414
27.81380844116211, 28.096233367919922
29.979080200195312, 27.62552261352539
27.62552261352539, 27.71966552734375
29.790794372558594, 26.778242111206055
29.037656784057617, 28.661087036132812
28.19037628173828, 27.81380844116211
28.19037628173828, 27.81380844116211
28.002092361450195, 28.566946029663086
27.15481185913086, 29.131797790527344
27.15481185913086, 29.979080200195312
25.93096160888672, 26.58995819091797
26.872385025024414, 25.93096160888672
26.401674270629883, 27.15481185913086
26.307531356811523, 25.836820602416992
26.401674270629883, 27.15481185913086
26.307531356811523, 25.836820602416992
25.93096160888672, 27.15481185913086
26.307531356811523, 25.836820602416992
25.93096160888672, 27.15481185913086
26.307531356811523, 25.836820602416992
25.93096160888672, 27.15481185913086
26.49581527709961, 26.307531356811523
26.025104522705078, 27.62552261352539
26.49581527709961, 26.307531356811523
26.025104522705078, 27.62552261352539
26.49581527709961, 26.684101104736328
27.15481185913086, 26.49581527709961
26.49581527709961, 26.684101104736328
27.0606689453125, 26.872385025024414
26.684101104736328, 27.0606689453125
27.0606689453125, 26.872385025024414
26.684101104736328, 27.0606689453125
27.0606689453125, 26.872385025024414
27.0606689453125, 27.437238693237305
26.778242111206055, 27.15481185913086
28.378662109375, 27.71966552734375
27.24895477294922, 27.437238693237305
28.84937286376953, 28.28451919555664
26.778242111206055, 27.24895477294922
27.71966552734375, 27.81380844116211
29.131797790527344, 27.907949447631836
27.15481185913086, 27.0606689453125
26.684101104736328, 25.742677688598633
28.378662109375, 25.554393768310547
27.15481185913086, 26.872385025024414
26.213388442993164, 25.554393768310547
26.025104522705078, 25.742677688598633
25.742677688598633, 26.684101104736328
25.366107940673828, 26.49581527709961
24.895397186279297, 25.836820602416992
25.177824020385742, 27.0606689453125
26.213388442993164, 26.49581527709961
25.742677688598633, 26.49581527709961
26.96652603149414, 26.49581527709961
25.742677688598633, 26.213388442993164
27.15481185913086, 27.0606689453125
25.742677688598633, 26.49581527709961
27.15481185913086, 27.0606689453125
25.648536682128906, 26.684101104736328
27.0606689453125, 27.343095779418945
28.002092361450195, 26.684101104736328
28.378662109375, 28.661087036132812
29.50836944580078, 28.002092361450195
28.378662109375, 28.661087036132812
30.073223114013672, 28.566946029663086
28.472803115844727, 29.50836944580078
30.073223114013672, 28.566946029663086
27.81380844116211, 28.566946029663086
29.320083618164062, 28.19037628173828
28.378662109375, 28.28451919555664
28.84937286376953, 25.554393768310547
28.84937286376953, 27.62552261352539
26.684101104736328, 27.0606689453125
27.343095779418945, 28.755229949951172
27.81380844116211, 28.472803115844727
28.472803115844727, 29.50836944580078
30.073223114013672, 28.566946029663086
27.81380844116211, 28.566946029663086
29.131797790527344, 28.096233367919922
28.378662109375, 28.28451919555664
29.037656784057617, 25.93096160888672
28.661087036132812, 27.62552261352539
26.49581527709961, 27.437238693237305
27.62552261352539, 28.661087036132812
27.81380844116211, 28.472803115844727
28.472803115844727, 29.50836944580078
30.073223114013672, 28.566946029663086
28.096233367919922, 29.414226531982422
29.50836944580078, 28.378662109375
27.71966552734375, 28.661087036132812
29.131797790527344, 27.907949447631836
27.343095779418945, 27.62552261352539
28.28451919555664, 27.24895477294922
27.437238693237305, 26.778242111206055
28.755229949951172, 25.366107940673828
28.84937286376953, 27.53137969970703
26.96652603149414, 26.96652603149414
26.025104522705078, 25.742677688598633
25.648536682128906, 26.58995819091797
23.859832763671875, 25.554393768310547
23.859832763671875, 26.119247436523438
24.895397186279297, 26.213388442993164
25.083683013916016, 25.648536682128906
25.083683013916016, 25.742677688598633
26.684101104736328, 25.177824020385742
25.2719669342041, 25.366107940673828
26.684101104736328, 25.177824020385742
25.2719669342041, 25.366107940673828
26.96652603149414, 25.460250854492188
25.460250854492188, 26.307531356811523
28.002092361450195, 26.49581527709961
25.366107940673828, 26.401674270629883
28.002092361450195, 26.49581527709961
25.366107940673828, 26.401674270629883
27.71966552734375, 26.684101104736328
25.2719669342041, 26.119247436523438
27.71966552734375, 26.684101104736328
25.2719669342041, 26.119247436523438
27.71966552734375, 26.684101104736328
25.2719669342041, 26.119247436523438
27.0606689453125, 26.778242111206055
26.307531356811523, 26.684101104736328
27.0606689453125, 26.778242111206055
26.307531356811523, 26.684101104736328
27.0606689453125, 26.778242111206055
26.307531356811523, 26.684101104736328
27.437238693237305, 27.0606689453125
26.307531356811523, 26.684101104736328
27.0606689453125, 26.778242111206055
26.307531356811523, 26.684101104736328
27.0606689453125, 26.778242111206055
26.307531356811523, 27.0606689453125
26.778242111206055, 26.58995819091797
25.742677688598633, 26.778242111206055
26.778242111206055, 26.58995819091797
25.742677688598633, 26.778242111206055
26.778242111206055, 26.58995819091797
25.742677688598633, 26.778242111206055
26.778242111206055, 26.58995819091797
25.742677688598633, 26.778242111206055
26.49581527709961, 26.58995819091797
28.84937286376953, 26.119247436523438
26.49581527709961, 26.58995819091797
28.84937286376953, 26.119247436523438
26.025104522705078, 26.778242111206055
28.84937286376953, 26.119247436523438
26.684101104736328, 27.24895477294922
28.28451919555664, 26.213388442993164
26.213388442993164, 26.778242111206055
28.28451919555664, 26.213388442993164
26.213388442993164, 26.778242111206055
28.28451919555664, 26.213388442993164
26.213388442993164, 26.213388442993164
25.742677688598633, 27.437238693237305
26.213388442993164, 26.778242111206055
28.28451919555664, 26.213388442993164
26.213388442993164, 26.778242111206055
28.28451919555664, 26.213388442993164
26.213388442993164, 26.778242111206055
28.28451919555664, 26.213388442993164
26.49581527709961, 26.96652603149414
27.81380844116211, 26.213388442993164
26.401674270629883, 26.307531356811523
25.742677688598633, 27.437238693237305
26.49581527709961, 26.96652603149414
27.81380844116211, 26.213388442993164
26.49581527709961, 26.96652603149414
27.81380844116211, 26.213388442993164
26.49581527709961, 26.96652603149414
27.81380844116211, 26.213388442993164
26.49581527709961, 26.96652603149414
27.81380844116211, 26.213388442993164
26.49581527709961, 26.96652603149414
27.81380844116211, 26.213388442993164
26.49581527709961, 26.96652603149414
27.81380844116211, 26.213388442993164
26.119247436523438, 27.0606689453125
27.437238693237305, 25.93096160888672
26.119247436523438, 27.0606689453125
27.437238693237305, 25.93096160888672
26.119247436523438, 27.0606689453125
27.343095779418945, 25.836820602416992
26.119247436523438, 27.0606689453125
27.343095779418945, 25.836820602416992
25.554393768310547, 26.872385025024414
27.343095779418945, 25.836820602416992
25.554393768310547, 26.872385025024414
26.58995819091797, 25.648536682128906
25.177824020385742, 26.96652603149414
26.58995819091797, 25.648536682128906
25.177824020385742, 26.96652603149414
26.119247436523438, 25.742677688598633
25.177824020385742, 26.96652603149414
24.895397186279297, 24.989540100097656
27.0606689453125, 24.70711326599121
26.872385025024414, 28.28451919555664
28.28451919555664, 26.58995819091797
27.15481185913086, 28.378662109375
29.037656784057617, 27.62552261352539
27.15481185913086, 28.378662109375
29.037656784057617, 27.62552261352539
26.684101104736328, 28.19037628173828
28.28451919555664, 27.437238693237305
26.684101104736328, 28.19037628173828
27.343095779418945, 26.307531356811523
26.684101104736328, 28.19037628173828
26.49581527709961, 26.49581527709961
25.742677688598633, 27.53137969970703
26.49581527709961, 26.49581527709961
25.742677688598633, 27.53137969970703
25.93096160888672, 26.307531356811523
27.53137969970703, 25.648536682128906
25.554393768310547, 25.93096160888672
27.53137969970703, 25.648536682128906
25.742677688598633, 26.025104522705078
26.96652603149414, 25.742677688598633
25.742677688598633, 26.025104522705078
26.96652603149414, 25.742677688598633
25.2719669342041, 25.836820602416992
26.684101104736328, 25.460250854492188
25.2719669342041, 25.836820602416992
26.684101104736328, 25.460250854492188
24.989540100097656, 25.742677688598633
25.742677688598633, 25.648536682128906
24.989540100097656, 25.742677688598633
25.2719669342041, 25.366107940673828
26.119247436523438, 24.61297035217285
24.801254272460938, 24.989540100097656
25.742677688598633, 24.70711326599121
24.989540100097656, 25.177824020385742
25.742677688598633, 24.70711326599121
24.61297035217285, 24.989540100097656
25.460250854492188, 24.330543518066406
24.61297035217285, 24.989540100097656
25.460250854492188, 24.330543518066406
24.424686431884766, 24.989540100097656
24.330543518066406, 24.518829345703125
26.58995819091797, 24.61297035217285
24.801254272460938, 24.989540100097656
26.119247436523438, 24.61297035217285
24.989540100097656, 25.177824020385742
25.742677688598633, 24.70711326599121
24.989540100097656, 25.177824020385742
25.742677688598633, 24.70711326599121
24.61297035217285, 24.989540100097656
25.460250854492188, 24.330543518066406
24.61297035217285, 24.989540100097656
24.70711326599121, 24.518829345703125
24.424686431884766, 24.989540100097656
24.330543518066406, 24.518829345703125
26.119247436523438, 24.61297035217285
24.04811668395996, 24.236400604248047
25.742677688598633, 24.70711326599121
24.330543518066406, 24.330543518066406
24.989540100097656, 25.2719669342041
24.61297035217285, 25.177824020385742
26.778242111206055, 25.554393768310547
24.61297035217285, 25.177824020385742
25.836820602416992, 25.554393768310547
24.424686431884766, 25.177824020385742
24.895397186279297, 24.801254272460938
24.04811668395996, 24.424686431884766
24.895397186279297, 24.989540100097656
26.684101104736328, 24.895397186279297
24.895397186279297, 24.989540100097656
26.307531356811523, 24.70711326599121
24.424686431884766, 24.61297035217285
25.554393768310547, 24.801254272460938
24.424686431884766, 24.895397186279297
24.518829345703125, 24.895397186279297
27.24895477294922, 24.895397186279297
24.895397186279297, 24.989540100097656
26.684101104736328, 24.895397186279297
24.424686431884766, 24.61297035217285
26.401674270629883, 25.177824020385742
24.895397186279297, 25.083683013916016
25.742677688598633, 25.083683013916016
24.424686431884766, 24.518829345703125
25.460250854492188, 25.2719669342041
24.424686431884766, 24.518829345703125
25.2719669342041, 25.460250854492188
26.778242111206055, 25.648536682128906
25.366107940673828, 25.460250854492188
25.554393768310547, 25.554393768310547
24.895397186279297, 25.083683013916016
25.648536682128906, 25.460250854492188
24.801254272460938, 24.61297035217285
24.801254272460938, 24.61297035217285
35.0, 35.0
35.0, 35.0
35.0, 35.0
35.0, 35.0
35.0, 35.0
35.0, 35.0
35.0, 35.0
35.0, 35.0
60.0, 60.0
60.0, 60.0
60.0, 60.0
60.0, 60.0
60.0, 60.0
60.0, 60.0
60.0, 60.0
60.0, 60.0
20.0, 20.819671630859375
20.0, 20.819671630859375
20.0, 20.901639938354492
20.0, 20.901639938354492
20.0, 20.983606338500977
20.0, 20.983606338500977
20.0, 20.983606338500977
20.081966400146484, 20.983606338500977
20.081966400146484, 20.983606338500977
27.566539764404297, 29.363117218017578
28.25094985961914, 29.020912170410156
29.27756690979004, 28.507604598999023
28.678707122802734, 30.133079528808594
33.127376556396484, 33.8973388671875
32.44296646118164, 31.587451934814453
43.992393493652344, 43.222434997558594
30.64638900756836, 37.918251037597656
43.992393493652344, 43.222434997558594
43.992393493652344, 43.222434997558594
29.27756690979004, 37.576045989990234
47.75665283203125, 42.366920471191406
32.870723724365234, 45.3612174987793
47.75665283203125, 42.366920471191406
32.870723724365234, 45.3612174987793
47.75665283203125, 42.366920471191406
35.95056915283203, 48.0133056640625
47.75665283203125, 42.366920471191406
35.95056915283203, 48.0133056640625
47.75665283203125, 42.366920471191406
35.95056915283203, 48.0133056640625
47.75665283203125, 42.366920471191406
42.19581604003906, 47.5
47.75665283203125, 42.366920471191406
42.19581604003906, 47.5
47.75665283203125, 42.366920471191406
42.19581604003906, 47.5
47.75665283203125, 42.366920471191406
42.19581604003906, 47.5
47.6076545715332, 45.78947448730469
43.30143737792969, 46.555023193359375
49.90430450439453, 45.406700134277344
46.93779754638672, 47.99043273925781
48.7559814453125, 46.3636360168457
46.93779754638672, 47.99043273925781
48.7559814453125, 46.3636360168457
46.93779754638672, 47.99043273925781
48.7559814453125, 46.3636360168457
46.93779754638672, 47.99043273925781
48.7559814453125, 46.3636360168457
46.93779754638672, 47.99043273925781
46.07655334472656, 44.44976043701172
46.2679443359375, 45.69377899169922
44.066986083984375, 45.406700134277344
44.066986083984375, 45.406700134277344
44.54545593261719, 43.779903411865234
44.066986083984375, 45.406700134277344
44.54545593261719, 43.779903411865234
44.066986083984375, 45.406700134277344
44.54545593261719, 43.779903411865234
44.066986083984375, 45.406700134277344
46.2679443359375, 45.69377899169922
75.0, 75.0
75.0, 75.0
73.72262573242188, 75.0
73.90510559082031, 75.0
75.0, 75.0
73.17518615722656, 75.0
73.90510559082031, 75.0
75.0, 75.0
74.63504028320312, 75.0
75.0, 75.0
74.63504028320312, 75.0
75.0, 75.0
75.0, 75.0
72.44525146484375, 75.0
75.0, 75.0
72.44525146484375, 75.0
73.90510559082031, 75.0
75.0, 75.0
73.90510559082031, 75.0
74.45256042480469, 75.0
75.0, 75.0
74.45256042480469, 75.0
75.0, 75.0
75.0, 75.0
71.53285217285156, 75.0
70.072998046875, 75.0
71.16788482666016, 75.0
73.54014587402344, 75.0
72.99270629882812, 72.81021881103516
73.90510559082031, 75.0
74.81752014160156, 75.0
74.81752014160156, 75.0
75.0, 74.45256042480469
75.0, 74.45256042480469
75.0, 75.0
75.0, 75.0
70.80291748046875, 75.0
72.26277160644531, 75.0
74.63504028320312, 75.0
72.62773895263672, 73.90510559082031
72.62773895263672, 73.90510559082031
71.16788482666016, 72.26277160644531
71.53285217285156, 68.79562377929688
69.34306335449219, 69.89051055908203
67.15328979492188, 69.34306335449219
65.3284683227539, 66.78832244873047
63.5036506652832, 63.68613052368164
62.59123992919922, 62.40876007080078
41.7913932800293, 49.041160583496094
48.66697692871094, 37.581851959228516
41.7913932800293, 49.041160583496094
48.66697692871094, 37.581851959228516
41.7913932800293, 49.041160583496094
48.66697692871094, 37.581851959228516
41.136573791503906, 49.08793258666992
48.900840759277344, 38.47053527832031
41.136573791503906, 49.08793258666992
48.900840759277344, 38.47053527832031
39.826942443847656, 49.13470458984375
48.52666091918945, 39.826942443847656
38.8447151184082, 49.13470458984375
48.52666091918945, 39.826942443847656
38.8447151184082, 49.13470458984375
48.479888916015625, 40.99625778198242
38.04957962036133, 49.46211242675781
48.479888916015625, 40.99625778198242
38.04957962036133, 49.46211242675781
49.13470458984375, 42.539756774902344
38.04957962036133, 49.46211242675781
49.13470458984375, 42.539756774902344
37.16089630126953, 48.43311309814453
49.13470458984375, 42.539756774902344
37.16089630126953, 48.43311309814453
48.29279708862305, 43.147804260253906
37.16089630126953, 48.43311309814453
48.29279708862305, 43.147804260253906
35.336761474609375, 42.58652877807617
41.93170928955078, 38.75116729736328
33.98035430908203, 41.23012161254883
41.417213439941406, 38.797943115234375
35.4303092956543, 42.0252571105957
41.417213439941406, 38.797943115234375
35.4303092956543, 42.0252571105957
41.417213439941406, 38.797943115234375
36.646400451660156, 41.55752944946289
41.65107727050781, 37.44153594970703
33.372310638427734, 39.63985061645508
40.29467010498047, 36.506080627441406
34.72871780395508, 40.388214111328125
40.29467010498047, 36.506080627441406
34.72871780395508, 40.388214111328125
40.29467010498047, 36.506080627441406
35.28998947143555, 40.388214111328125
40.29467010498047, 36.506080627441406
32.53040313720703, 38.0028076171875
37.067352294921875, 35.52385330200195
32.811038970947266, 36.88026428222656
37.067352294921875, 35.52385330200195
32.811038970947266, 36.88026428222656
37.067352294921875, 35.52385330200195
32.811038970947266, 36.88026428222656
37.067352294921875, 35.52385330200195
32.811038970947266, 36.88026428222656
45.272953033447266, 43.74689865112305
41.774192810058594, 45.31017303466797
44.19355010986328, 44.26799011230469
44.937965393066406, 39.392059326171875
44.0074462890625, 44.49131393432617
45.68238067626953, 40.69478988647461
44.26799011230469, 45.272953033447266
45.68238067626953, 40.69478988647461
44.26799011230469, 45.272953033447266
45.68238067626953, 40.69478988647461
44.26799011230469, 45.272953033447266
45.68238067626953, 40.69478988647461
43.44913101196289, 45.607940673828125
45.68238067626953, 40.69478988647461
43.44913101196289, 45.607940673828125
45.68238067626953, 40.69478988647461
43.44913101196289, 45.607940673828125
45.68238067626953, 40.69478988647461
43.44913101196289, 45.607940673828125
45.68238067626953, 40.69478988647461
43.44913101196289, 45.607940673828125
45.45905685424805, 41.327545166015625
41.66252899169922, 44.71464157104492
44.15632629394531, 41.17866134643555
41.66252899169922, 44.71464157104492
44.15632629394531, 41.17866134643555
41.66252899169922, 44.71464157104492
44.15632629394531, 41.17866134643555
40.9553337097168, 44.15632629394531
44.15632629394531, 41.17866134643555
40.9553337097168, 44.15632629394531
44.15632629394531, 41.17866134643555
40.9553337097168, 44.15632629394531
43.44913101196289, 41.73697280883789
40.9553337097168, 44.15632629394531
43.486351013183594, 41.513648986816406
40.9553337097168, 44.15632629394531
43.486351013183594, 41.513648986816406
39.95037078857422, 43.225807189941406
43.039703369140625, 41.997520446777344
39.95037078857422, 43.225807189941406
41.88585662841797, 42.66749572753906
42.853599548339844, 38.79652404785156
39.913150787353516, 41.47642517089844
41.06699752807617, 38.42431640625
39.2803955078125, 41.66252899169922
40.9925537109375, 38.90818786621094
39.2803955078125, 41.66252899169922
40.9925537109375, 38.90818786621094
38.83374786376953, 41.58808898925781
40.9925537109375, 38.90818786621094
38.83374786376953, 41.58808898925781
40.9925537109375, 38.90818786621094
38.83374786376953, 41.58808898925781
40.471466064453125, 39.2803955078125
38.83374786376953, 41.58808898925781
40.471466064453125, 39.2803955078125
38.3870964050293, 41.36476516723633
39.578163146972656, 38.79652404785156
37.82878494262695, 40.248138427734375
39.01985168457031, 39.16873550415039
39.31761932373047, 37.19602966308594
39.01985168457031, 39.16873550415039
39.31761932373047, 37.19602966308594
38.49876022338867, 39.09429168701172
39.2803955078125, 37.12158966064453
38.49876022338867, 39.09429168701172
39.2803955078125, 37.12158966064453
37.97766876220703, 39.2431755065918
39.16873550415039, 37.679901123046875
37.79156494140625, 38.870967864990234
39.16873550415039, 37.679901123046875
37.79156494140625, 38.870967864990234
38.49876022338867, 37.5310173034668
37.5310173034668, 38.535980224609375
38.349876403808594, 37.493797302246094
37.6054573059082, 38.3870964050293
38.57320022583008, 37.5310173034668
37.64268112182617, 38.014888763427734
38.83374786376953, 37.270469665527344
37.64268112182617, 38.16377258300781
38.83374786376953, 37.270469665527344
36.89826202392578, 37.5682373046875
37.90322494506836, 36.935482025146484
36.89826202392578, 37.5682373046875
37.90322494506836, 36.935482025146484
36.89826202392578, 37.493797302246094
38.27543258666992, 36.637718200683594
37.12158966064453, 37.493797302246094
38.27543258666992, 36.637718200683594
37.12158966064453, 37.493797302246094
38.27543258666992, 36.637718200683594
37.38213348388672, 37.30769348144531
36.78660202026367, 37.344913482666016
37.30769348144531, 37.64268112182617
38.27543258666992, 36.637718200683594
37.71712112426758, 37.158809661865234
36.78660202026367, 37.344913482666016
37.71712112426758, 37.158809661865234
36.89826202392578, 37.5682373046875
37.71712112426758, 37.158809661865234
36.89826202392578, 37.5682373046875
38.31265640258789, 36.97270584106445
36.89826202392578, 37.5682373046875
38.31265640258789, 36.97270584106445
36.89826202392578, 37.5682373046875
38.31265640258789, 36.97270584106445
37.19602966308594, 37.866004943847656
38.83374786376953, 36.935482025146484
37.19602966308594, 37.866004943847656
38.83374786376953, 36.935482025146484
37.6054573059082, 37.866004943847656
38.83374786376953, 36.935482025146484
37.94044494628906, 37.94044494628906
36.823822021484375, 37.493797302246094
37.94044494628906, 37.94044494628906
37.19602966308594, 37.866004943847656
38.31265640258789, 38.08932876586914
37.19602966308594, 37.866004943847656
38.57320022583008, 38.16377258300781
37.19602966308594, 37.866004943847656
38.57320022583008, 38.16377258300781
37.270469665527344, 38.535980224609375
38.57320022583008, 38.16377258300781
37.270469665527344, 38.535980224609375
38.57320022583008, 38.16377258300781
37.270469665527344, 38.535980224609375
39.2431755065918, 37.79156494140625
37.270469665527344, 38.535980224609375
39.2431755065918, 37.79156494140625
37.270469665527344, 38.535980224609375
39.2431755065918, 37.79156494140625
37.6054573059082, 38.79652404785156
39.2431755065918, 37.79156494140625
37.344913482666016, 38.46154022216797
39.727046966552734, 37.71712112426758
37.75434112548828, 38.05210876464844
39.87593078613281, 37.64268112182617
37.75434112548828, 38.05210876464844
39.87593078613281, 37.64268112182617
38.05210876464844, 38.08932876586914
40.02481460571289, 37.270469665527344
38.42431640625, 38.16377258300781
37.23324966430664, 37.97766876220703
38.42431640625, 38.16377258300781
37.23324966430664, 37.97766876220703
38.83374786376953, 38.05210876464844
37.23324966430664, 37.97766876220703
38.83374786376953, 38.05210876464844
37.344913482666016, 38.23821258544922
39.392059326171875, 37.64268112182617
37.344913482666016, 38.23821258544922
39.392059326171875, 37.64268112182617
37.64268112182617, 38.42431640625
39.392059326171875, 37.64268112182617
37.64268112182617, 38.42431640625
39.65260696411133, 37.6054573059082
37.64268112182617, 38.42431640625
39.65260696411133, 37.6054573059082
37.97766876220703, 38.16377258300781
39.68982696533203, 37.23324966430664
38.200992584228516, 38.200992584228516
36.78660202026367, 37.64268112182617
38.3870964050293, 38.014888763427734
37.08436584472656, 37.64268112182617
38.68486404418945, 37.79156494140625
37.08436584472656, 37.64268112182617
38.68486404418945, 37.79156494140625
37.19602966308594, 37.679901123046875
38.68486404418945, 37.79156494140625
37.19602966308594, 37.679901123046875
38.94540786743164, 37.30769348144531
37.19602966308594, 37.679901123046875
38.94540786743164, 37.30769348144531
37.38213348388672, 37.64268112182617
38.94540786743164, 37.30769348144531
37.38213348388672, 37.64268112182617
38.94540786743164, 37.158809661865234
37.6054573059082, 37.38213348388672
36.7493782043457, 37.5682373046875
37.75434112548828, 37.38213348388672
36.7493782043457, 37.5682373046875
37.90322494506836, 37.158809661865234
37.04714584350586, 37.5682373046875
37.64268112182617, 37.344913482666016
37.009925842285156, 37.679901123046875
37.64268112182617, 37.344913482666016
37.009925842285156, 37.679901123046875
37.82878494262695, 37.12158966064453
37.009925842285156, 37.679901123046875
37.82878494262695, 37.12158966064453
37.08436584472656, 37.679901123046875
37.82878494262695, 37.12158966064453
37.08436584472656, 37.679901123046875
37.82878494262695, 37.12158966064453
37.08436584472656, 37.679901123046875
37.94044494628906, 36.6749382019043
37.08436584472656, 37.679901123046875
37.94044494628906, 36.6749382019043
37.08436584472656, 37.679901123046875
37.94044494628906, 36.6749382019043
37.23324966430664, 37.679901123046875
38.83374786376953, 37.23324966430664
37.679901123046875, 38.31265640258789
38.83374786376953, 37.23324966430664
37.679901123046875, 38.31265640258789
38.68486404418945, 37.08436584472656
37.866004943847656, 37.97766876220703
38.68486404418945, 37.08436584472656
38.08932876586914, 37.90322494506836
37.009925842285156, 37.90322494506836
38.05210876464844, 37.866004943847656
36.97270584106445, 37.97766876220703
38.05210876464844, 37.866004943847656
36.97270584106445, 37.97766876220703
38.05210876464844, 37.71712112426758
37.30769348144531, 37.94044494628906
38.05210876464844, 37.71712112426758
37.41935348510742, 37.90322494506836
38.05210876464844, 37.71712112426758
37.41935348510742, 37.90322494506836
37.90322494506836, 37.5310173034668
37.38213348388672, 37.75434112548828
38.57320022583008, 38.23821258544922
38.014888763427734, 38.870967864990234
38.61042022705078, 38.16377258300781
38.08932876586914, 39.057071685791016
38.535980224609375, 38.16377258300781
37.94044494628906, 39.35483932495117
38.46154022216797, 38.08932876586914
38.75930404663086, 40.62034606933594
39.801490783691406, 38.75930404663086
38.61042022705078, 40.84367370605469
39.801490783691406, 38.75930404663086
39.057071685791016, 41.69975280761719
41.21588134765625, 40.434242248535156
39.057071685791016, 41.69975280761719
41.47642517089844, 40.62034606933594
39.13151550292969, 42.25806427001953
41.104217529296875, 41.439205169677734
40.9925537109375, 37.79156494140625
40.84367370605469, 40.80644989013672
38.64764404296875, 41.92307662963867
40.62034606933594, 41.439205169677734
41.513648986816406, 38.05210876464844
40.62034606933594, 41.439205169677734
41.513648986816406, 38.05210876464844
40.434242248535156, 42.369728088378906
41.21588134765625, 37.97766876220703
40.17369842529297, 41.92307662963867
41.36476516723633, 38.42431640625
40.17369842529297, 41.92307662963867
41.36476516723633, 38.42431640625
39.76426696777344, 42.55583190917969
41.36476516723633, 38.42431640625
39.76426696777344, 42.55583190917969
41.439205169677734, 39.16873550415039
39.76426696777344, 42.55583190917969
41.439205169677734, 39.16873550415039
39.2431755065918, 42.44416809082031
41.69975280761719, 40.28535842895508
39.2431755065918, 42.44416809082031
40.54590606689453, 40.434242248535156
38.83374786376953, 41.8114128112793
40.32258224487305, 41.02977752685547
41.104217529296875, 38.46154022216797
40.02481460571289, 41.848636627197266
41.104217529296875, 38.46154022216797
40.02481460571289, 41.848636627197266
41.47642517089844, 38.90818786621094
39.61538314819336, 42.295284271240234
41.40198516845703, 39.98759460449219
39.61538314819336, 42.295284271240234
41.625308990478516, 41.141441345214844
39.16873550415039, 42.40694808959961
41.36476516723633, 41.55086898803711
40.50868606567383, 37.866004943847656
41.02977752685547, 42.183624267578125
41.17866134643555, 38.57320022583008
40.583126068115234, 42.66749572753906
41.17866134643555, 38.57320022583008
40.583126068115234, 42.66749572753906
41.327545166015625, 38.98263168334961
40.0992546081543, 42.704715728759766
41.21588134765625, 39.913150787353516
39.578163146972656, 42.518611907958984
41.141441345214844, 40.62034606933594
39.578163146972656, 42.518611907958984
40.50868606567383, 41.58808898925781
40.657569885253906, 38.68486404418945
40.471466064453125, 42.369728088378906
40.657569885253906, 38.68486404418945
40.471466064453125, 42.369728088378906
40.769229888916016, 39.13151550292969
39.83871078491211, 42.22084426879883
40.62034606933594, 39.913150787353516
39.2803955078125, 41.848636627197266
40.0992546081543, 40.657569885253906
39.35483932495117, 37.493797302246094
39.68982696533203, 41.02977752685547
39.392059326171875, 38.12655258178711
39.35483932495117, 41.02977752685547
39.2803955078125, 38.46154022216797
38.79652404785156, 40.73200988769531
38.83374786376953, 38.94540786743164
38.3870964050293, 36.78660202026367
38.05210876464844, 39.31761932373047
38.42431640625, 37.19602966308594
37.79156494140625, 39.392059326171875
38.46154022216797, 37.679901123046875
37.5682373046875, 39.31761932373047
38.31265640258789, 37.97766876220703
37.5682373046875, 39.31761932373047
38.31265640258789, 37.97766876220703
37.30769348144531, 38.90818786621094
37.97766876220703, 38.349876403808594
38.3870964050293, 36.78660202026367
37.30769348144531, 38.64764404296875
38.42431640625, 37.19602966308594
37.12158966064453, 38.68486404418945
39.42927932739258, 37.90322494506836
37.38213348388672, 39.16873550415039
39.2431755065918, 38.27543258666992
37.23324966430664, 38.722084045410156
38.90818786621094, 38.68486404418945
37.30769348144531, 39.13151550292969
38.94540786743164, 39.31761932373047
38.722084045410156, 37.45657730102539
38.46154022216797, 39.87593078613281
39.09429168701172, 37.6054573059082
37.5310173034668, 39.95037078857422
38.98263168334961, 38.12655258178711
37.158809661865234, 39.913150787353516
38.08932876586914, 38.3870964050293
37.90322494506836, 36.6749382019043
37.6054573059082, 38.83374786376953
38.57320022583008, 37.04714584350586
37.41935348510742, 38.94540786743164
38.12655258178711, 36.7493782043457
36.637718200683594, 38.722084045410156
38.27543258666992, 37.344913482666016
36.414390563964844, 38.68486404418945
38.014888763427734, 37.71712112426758
36.45161437988281, 38.535980224609375
38.08932876586914, 37.90322494506836
36.22828674316406, 38.49876022338867
38.08932876586914, 37.90322494506836
36.22828674316406, 38.49876022338867
37.64268112182617, 38.27543258666992
37.12158966064453, 36.52605438232422
36.935482025146484, 37.94044494628906
37.493797302246094, 36.823822021484375
36.52605438232422, 38.12655258178711
37.493797302246094, 36.823822021484375
36.414390563964844, 38.200992584228516
37.493797302246094, 36.823822021484375
36.33995056152344, 37.866004943847656
37.38213348388672, 36.712158203125
36.33995056152344, 37.866004943847656
37.41935348510742, 37.19602966308594
36.19106674194336, 37.866004943847656
37.41935348510742, 37.19602966308594
36.22828674316406, 37.493797302246094
37.04714584350586, 37.009925842285156
36.11662673950195, 37.23324966430664
37.04714584350586, 37.009925842285156
36.19106674194336, 37.04714584350586
36.89826202392578, 36.86104202270508
36.19106674194336, 36.7493782043457
36.97270584106445, 36.823822021484375
36.11662673950195, 36.45161437988281
36.823822021484375, 36.26551055908203
36.153846740722656, 36.488834381103516
36.86104202270508, 36.26551055908203
36.153846740722656, 36.488834381103516
36.86104202270508, 36.26551055908203
36.153846740722656, 36.488834381103516
37.04714584350586, 36.11662673950195
36.153846740722656, 36.52605438232422
37.04714584350586, 36.11662673950195
36.153846740722656, 36.52605438232422
37.04714584350586, 36.11662673950195
36.26551055908203, 36.488834381103516
36.97270584106445, 36.00496292114258
36.26551055908203, 36.488834381103516
36.97270584106445, 35.93052291870117
36.302730560302734, 36.37717056274414
36.97270584106445, 35.93052291870117
36.19106674194336, 36.26551055908203
36.7493782043457, 35.8560791015625
36.26551055908203, 36.153846740722656
35.967742919921875, 36.19106674194336
36.26551055908203, 36.153846740722656
35.967742919921875, 36.19106674194336
36.52605438232422, 36.19106674194336
35.967742919921875, 36.22828674316406
36.637718200683594, 35.93052291870117
36.153846740722656, 36.33995056152344
36.637718200683594, 35.93052291870117
36.19106674194336, 36.26551055908203
36.7493782043457, 35.8560791015625
35.967742919921875, 35.967742919921875
35.8560791015625, 35.8188591003418
35.744415283203125, 35.409427642822266
36.079402923583984, 35.632755279541016
36.079402923583984, 35.66997528076172
36.26551055908203, 35.8932991027832
36.488834381103516, 36.414390563964844
36.33995056152344, 36.37717056274414
36.33995056152344, 36.89826202392578
36.26551055908203, 36.7493782043457
35.8932991027832, 37.19602966308594
35.744415283203125, 37.30769348144531
35.744415283203125, 37.12158966064453
35.8188591003418, 37.5310173034668
36.079402923583984, 36.488834381103516
35.8932991027832, 35.8560791015625
35.93052291870117, 36.600494384765625
35.8932991027832, 35.8560791015625
35.8188591003418, 36.823822021484375
35.8932991027832, 35.8560791015625
35.8188591003418, 36.823822021484375
35.967742919921875, 36.00496292114258
36.04218292236328, 35.93052291870117
36.079402923583984, 36.11662673950195
36.04218292236328, 35.93052291870117
36.153846740722656, 36.04218292236328
35.8932991027832, 36.97270584106445
36.153846740722656, 36.04218292236328
35.8932991027832, 36.6749382019043
36.153846740722656, 35.8932991027832
35.8932991027832, 36.600494384765625
36.153846740722656, 36.302730560302734
36.26551055908203, 35.744415283203125
36.45161437988281, 35.93052291870117
36.04218292236328, 36.11662673950195
36.488834381103516, 35.744415283203125
36.04218292236328, 36.11662673950195
36.600494384765625, 35.781639099121094
36.04218292236328, 36.11662673950195
36.600494384765625, 35.781639099121094
36.153846740722656, 36.22828674316406
36.600494384765625, 35.781639099121094
36.153846740722656, 36.079402923583984
36.00496292114258, 35.93052291870117
35.967742919921875, 35.66997528076172
36.153846740722656, 36.153846740722656
36.22828674316406, 36.19106674194336
36.414390563964844, 36.823822021484375
36.153846740722656, 36.86104202270508
35.744415283203125, 37.30769348144531
35.66997528076172, 36.86104202270508
30.0, 30.0
30.0, 30.0
30.0, 30.0
30.0, 30.0
30.0, 30.0
30.0, 30.0
30.0, 30.0
30.0, 30.0
36.11111068725586, 37.056739807128906
37.19858169555664, 36.96217346191406
36.914894104003906, 37.29314422607422
37.43498992919922, 36.01654815673828
36.914894104003906, 37.29314422607422
37.43498992919922, 36.01654815673828
36.914894104003906, 37.29314422607422
37.43498992919922, 36.01654815673828
36.914894104003906, 37.29314422607422
37.43498992919922, 36.01654815673828
37.10401916503906, 36.72576904296875
34.97636032104492, 37.29314422607422
36.914894104003906, 37.29314422607422
37.43498992919922, 36.01654815673828
36.914894104003906, 37.29314422607422
37.43498992919922, 36.01654815673828
36.914894104003906, 37.29314422607422
37.43498992919922, 36.01654815673828
36.914894104003906, 37.29314422607422
37.43498992919922, 36.01654815673828
37.10401916503906, 36.72576904296875
34.97636032104492, 37.29314422607422
36.914894104003906, 37.29314422607422
37.43498992919922, 36.01654815673828
36.914894104003906, 37.29314422607422
37.43498992919922, 36.01654815673828
36.914894104003906, 37.29314422607422
37.43498992919922, 36.01654815673828
36.914894104003906, 37.29314422607422
37.43498992919922, 36.01654815673828
36.914894104003906, 37.29314422607422
37.19858169555664, 37.056739807128906
34.45626449584961, 34.45626449584961
33.085105895996094, 35.16548538208008
35.30732727050781, 36.300235748291016
35.30732727050781, 35.9219856262207
35.118202209472656, 33.65248107910156
35.354610443115234, 34.83451461791992
34.45626449584961, 34.45626449584961
33.085105895996094, 35.16548538208008
33.98345184326172, 34.645389556884766
35.30732727050781, 35.9219856262207
35.118202209472656, 33.65248107910156
35.354610443115234, 34.83451461791992
34.45626449584961, 34.45626449584961
33.085105895996094, 35.16548538208008
33.98345184326172, 34.645389556884766
35.30732727050781, 35.9219856262207
35.118202209472656, 33.65248107910156
35.30732727050781, 35.9219856262207
35.118202209472656, 33.65248107910156
35.354610443115234, 34.83451461791992
34.45626449584961, 34.45626449584961
33.085105895996094, 35.16548538208008
33.98345184326172, 34.645389556884766
34.55082702636719, 35.73286056518555
35.118202209472656, 33.65248107910156
34.55082702636719, 35.73286056518555
35.118202209472656, 33.65248107910156
34.55082702636719, 35.73286056518555
35.118202209472656, 33.65248107910156
34.645389556884766, 34.739952087402344
34.69267272949219, 33.32151412963867
34.645389556884766, 34.739952087402344
34.69267272949219, 33.32151412963867
34.45626449584961, 33.74704360961914
33.557918548583984, 33.98345184326172
34.645389556884766, 34.739952087402344
34.69267272949219, 33.32151412963867
34.645389556884766, 34.739952087402344
34.69267272949219, 33.32151412963867
34.55082702636719, 32.94326400756836
33.557918548583984, 33.98345184326172
34.83451461791992, 34.030731201171875
33.699764251708984, 34.598106384277344
34.83451461791992, 34.030731201171875
33.699764251708984, 34.598106384277344
34.69267272949219, 35.260047912597656
34.97636032104492, 34.50354766845703
33.226951599121094, 33.226951599121094
31.76123046875, 32.75413513183594
33.226951599121094, 33.226951599121094
31.76123046875, 32.75413513183594
33.226951599121094, 33.226951599121094
31.76123046875, 32.75413513183594
33.226951599121094, 33.226951599121094
31.76123046875, 32.75413513183594
32.659576416015625, 33.085105895996094
33.41607666015625, 33.17966842651367
32.659576416015625, 33.085105895996094
32.517730712890625, 31.855792999267578
32.659576416015625, 33.085105895996094
32.517730712890625, 31.855792999267578
31.808509826660156, 32.044918060302734
31.903072357177734, 31.76123046875
31.14657211303711, 31.66666603088379
31.903072357177734, 31.76123046875
31.14657211303711, 31.66666603088379
32.044918060302734, 31.76123046875
31.14657211303711, 31.66666603088379
32.044918060302734, 31.76123046875
31.14657211303711, 31.66666603088379
31.524822235107422, 31.713947296142578
31.619384765625, 30.957447052001953
31.524822235107422, 31.713947296142578
31.09929084777832, 31.004728317260742
30.768321990966797, 31.1938533782959
31.335697174072266, 31.09929084777832
30.768321990966797, 31.1938533782959
30.862884521484375, 30.815603256225586
30.768321990966797, 31.1938533782959
30.862884521484375, 30.815603256225586
30.768321990966797, 31.1938533782959
30.768321990966797, 31.1938533782959
31.335697174072266, 31.09929084777832
30.768321990966797, 31.1938533782959
30.862884521484375, 30.815603256225586
30.768321990966797, 31.1938533782959
30.862884521484375, 30.815603256225586
30.768321990966797, 31.1938533782959
30.01181983947754, 30.390071868896484
34.03669738769531, 34.03669738769531
33.85321044921875, 33.66972351074219
33.85321044921875, 33.66972351074219
34.03669738769531, 34.587154388427734
33.66972351074219, 33.66972351074219
33.85321044921875, 34.587154388427734
33.66972351074219, 33.66972351074219
33.85321044921875, 34.587154388427734
33.66972351074219, 33.66972351074219
33.85321044921875, 34.587154388427734
34.220184326171875, 34.40367126464844
34.220184326171875, 34.40367126464844
34.40367126464844, 34.587154388427734
34.40367126464844, 34.7706413269043
34.40367126464844, 34.95412826538086
34.40367126464844, 35.13761520385742
34.40367126464844, 35.13761520385742
34.40367126464844, 35.13761520385742
34.40367126464844, 35.13761520385742
34.40367126464844, 35.13761520385742
34.40367126464844, 35.13761520385742
34.587154388427734, 35.321102142333984
34.587154388427734, 35.321102142333984
34.587154388427734, 34.7706413269043
54.03669738769531, 49.26605224609375
37.7064208984375, 37.7064208984375
37.7064208984375, 37.7064208984375
37.7064208984375, 37.7064208984375
67.78215026855469, 75.0
71.71916198730469, 72.50656127929688
70.9317626953125, 67.3884506225586
73.68766784667969, 70.40682983398438
70.14435577392578, 75.0
73.68766784667969, 70.40682983398438
70.9317626953125, 73.81889343261719
73.68766784667969, 70.40682983398438
70.9317626953125, 73.81889343261719
73.68766784667969, 68.70079040527344
70.9317626953125, 73.81889343261719
73.68766784667969, 68.70079040527344
70.9317626953125, 73.81889343261719
73.68766784667969, 68.70079040527344
70.9317626953125, 73.81889343261719
73.68766784667969, 68.70079040527344
71.19422912597656, 69.61942291259766
63.45144271850586, 72.37532806396484
70.9317626953125, 71.32545471191406
72.50656127929688, 67.12598419189453
71.19422912597656, 69.61942291259766
63.45144271850586, 72.37532806396484
70.9317626953125, 71.32545471191406
72.50656127929688, 67.12598419189453
71.19422912597656, 69.61942291259766
68.70079040527344, 72.50656127929688
72.24409484863281, 70.14435577392578
69.09449005126953, 74.08135986328125
72.24409484863281, 70.14435577392578
69.09449005126953, 74.08135986328125
72.24409484863281, 70.14435577392578
69.09449005126953, 74.08135986328125
72.24409484863281, 70.14435577392578
69.09449005126953, 74.08135986328125
71.06298828125, 72.24409484863281
72.50656127929688, 67.12598419189453
72.24409484863281, 70.14435577392578
69.09449005126953, 74.08135986328125
72.24409484863281, 70.14435577392578
69.09449005126953, 74.08135986328125
72.24409484863281, 70.14435577392578
69.09449005126953, 74.08135986328125
72.24409484863281, 70.14435577392578
69.09449005126953, 74.08135986328125
72.24409484863281, 70.14435577392578
69.09449005126953, 74.08135986328125
71.06298828125, 72.24409484863281
72.50656127929688, 67.12598419189453
72.24409484863281, 70.14435577392578
69.09449005126953, 74.08135986328125
72.24409484863281, 70.14435577392578
69.09449005126953, 74.08135986328125
72.24409484863281, 70.14435577392578
69.09449005126953, 74.08135986328125
72.24409484863281, 70.14435577392578
69.09449005126953, 74.08135986328125
72.24409484863281, 70.14435577392578
69.09449005126953, 74.08135986328125
72.24409484863281, 70.14435577392578
70.53805541992188, 73.81889343261719
72.6377944946289, 68.04461669921875
70.53805541992188, 73.81889343261719
72.6377944946289, 68.04461669921875
70.53805541992188, 73.81889343261719
72.6377944946289, 68.04461669921875
70.53805541992188, 73.81889343261719
72.6377944946289, 68.04461669921875
70.53805541992188, 73.81889343261719
72.6377944946289, 68.04461669921875
70.53805541992188, 73.81889343261719
72.6377944946289, 68.04461669921875
70.53805541992188, 72.50656127929688
72.6377944946289, 68.04461669921875
70.53805541992188, 72.50656127929688
72.37532806396484, 66.86351776123047
70.53805541992188, 72.50656127929688
72.37532806396484, 66.86351776123047
69.3569564819336, 69.3569564819336
61.614173889160156, 70.40682983398438
69.3569564819336, 69.3569564819336
61.614173889160156, 70.40682983398438
68.70079040527344, 72.90026092529297
70.01312255859375, 66.20735168457031
68.56954956054688, 70.9317626953125
68.70079040527344, 65.28871154785156
68.9632568359375, 69.75065612792969
68.70079040527344, 65.28871154785156
68.9632568359375, 69.75065612792969
68.70079040527344, 65.28871154785156
68.9632568359375, 69.75065612792969
69.75065612792969, 66.46981811523438
68.9632568359375, 69.75065612792969
69.75065612792969, 66.46981811523438
65.94488525390625, 63.057743072509766
65.41995239257812, 66.07611083984375
65.94488525390625, 63.057743072509766
65.41995239257812, 66.07611083984375
65.94488525390625, 63.057743072509766
63.71390914916992, 64.37007904052734
64.37007904052734, 61.22047424316406
63.84514617919922, 63.32020950317383
63.97637939453125, 66.9947509765625
66.20735168457031, 65.15748596191406
63.97637939453125, 66.9947509765625
66.20735168457031, 65.15748596191406
65.41995239257812, 66.07611083984375
65.94488525390625, 63.057743072509766
65.41995239257812, 66.07611083984375
65.94488525390625, 63.057743072509766
63.71390914916992, 64.37007904052734
65.28871154785156, 60.69553756713867
64.76377868652344, 62.53281021118164
63.58267593383789, 63.32020950317383
59.908138275146484, 63.58267593383789
64.37007904052734, 62.27033996582031
59.908138275146484, 63.58267593383789
64.37007904052734, 62.27033996582031
59.908138275146484, 63.58267593383789
61.87664031982422, 60.56430435180664
59.908138275146484, 63.58267593383789
63.1889762878418, 64.10761260986328
64.89501190185547, 62.53281021118164
62.53281021118164, 60.039371490478516
63.58267593383789, 63.32020950317383
59.908138275146484, 63.58267593383789
64.89501190185547, 67.3884506225586
63.71390914916992, 63.71390914916992
65.68241882324219, 66.20735168457031
63.58267593383789, 61.089237213134766
65.68241882324219, 66.20735168457031
63.58267593383789, 61.089237213134766
65.68241882324219, 66.20735168457031
63.58267593383789, 61.089237213134766
63.1889762878418, 64.10761260986328
62.401573181152344, 60.039371490478516
61.87664031982422, 60.56430435180664
63.58267593383789, 63.32020950317383
60.958003997802734, 67.65091705322266
64.89501190185547, 67.3884506225586
63.71390914916992, 63.71390914916992
64.89501190185547, 67.3884506225586
63.71390914916992, 63.71390914916992
64.89501190185547, 67.3884506225586
63.58267593383789, 61.089237213134766
65.68241882324219, 66.20735168457031
63.58267593383789, 61.089237213134766
65.68241882324219, 66.20735168457031
63.58267593383789, 61.089237213134766
65.68241882324219, 66.20735168457031
63.58267593383789, 61.089237213134766
63.1889762878418, 64.10761260986328
62.401573181152344, 60.039371490478516
61.87664031982422, 60.56430435180664
60.17060470581055, 60.17060470581055
57.54593276977539, 63.32020950317383
60.56430435180664, 62.7952766418457
59.645668029785156, 60.8267707824707
58.46456527709961, 58.595802307128906
58.46456527709961, 58.595802307128906
59.908138275146484, 58.20209884643555
58.46456527709961, 56.364830017089844
58.46456527709961, 56.364830017089844
59.12073516845703, 56.496063232421875
58.989501953125, 58.33333206176758
60.17060470581055, 60.17060470581055
57.28346633911133, 60.69553756713867
60.17060470581055, 60.17060470581055
57.28346633911133, 60.69553756713867
60.8267707824707, 59.645668029785156
57.28346633911133, 60.69553756713867
60.8267707824707, 59.645668029785156
57.28346633911133, 60.69553756713867
58.989501953125, 58.33333206176758
60.17060470581055, 60.17060470581055
57.28346633911133, 60.69553756713867
60.17060470581055, 60.17060470581055
57.54593276977539, 63.32020950317383
60.56430435180664, 62.7952766418457
59.25196838378906, 58.989501953125
61.22047424316406, 62.53281021118164
59.25196838378906, 58.989501953125
61.22047424316406, 62.53281021118164
59.25196838378906, 58.989501953125
61.22047424316406, 62.53281021118164
59.25196838378906, 58.989501953125
59.25196838378906, 60.8267707824707
58.46456527709961, 58.595802307128906
58.46456527709961, 56.364830017089844
58.46456527709961, 56.364830017089844
59.514434814453125, 58.070865631103516
60.17060470581055, 60.17060470581055
57.28346633911133, 60.69553756713867
60.8267707824707, 59.645668029785156
57.28346633911133, 60.69553756713867
60.8267707824707, 59.645668029785156
57.28346633911133, 60.69553756713867
59.25196838378906, 60.8267707824707
58.46456527709961, 58.595802307128906
58.46456527709961, 56.364830017089844
58.46456527709961, 56.364830017089844
59.514434814453125, 58.070865631103516
60.17060470581055, 60.17060470581055
57.28346633911133, 60.69553756713867
27.43913459777832, 27.52930450439453
27.664562225341797, 27.484220504760742
27.52930450439453, 27.935077667236328
27.75473403930664, 27.664562225341797
27.52930450439453, 27.935077667236328
27.75473403930664, 27.664562225341797
27.52930450439453, 27.935077667236328
27.75473403930664, 27.664562225341797
27.52930450439453, 27.935077667236328
27.75473403930664, 27.664562225341797
27.70964813232422, 27.619476318359375
27.258792877197266, 27.75473403930664
27.52930450439453, 27.935077667236328
27.75473403930664, 27.664562225341797
27.52930450439453, 27.935077667236328
27.75473403930664, 27.664562225341797
27.52930450439453, 27.935077667236328
27.75473403930664, 27.664562225341797
27.52930450439453, 27.935077667236328
27.75473403930664, 27.664562225341797
27.70964813232422, 27.619476318359375
27.258792877197266, 27.75473403930664
27.52930450439453, 27.935077667236328
27.75473403930664, 27.664562225341797
27.52930450439453, 27.935077667236328
27.75473403930664, 27.664562225341797
27.52930450439453, 27.935077667236328
27.75473403930664, 27.664562225341797
27.52930450439453, 27.935077667236328
27.75473403930664, 27.664562225341797
27.52930450439453, 27.935077667236328
27.70964813232422, 27.889991760253906
28.250675201416016, 27.619476318359375
27.574390411376953, 27.619476318359375
28.115419387817383, 27.574390411376953
27.574390411376953, 27.619476318359375
28.115419387817383, 27.574390411376953
27.303876876831055, 27.3940486907959
27.799819946289062, 27.3940486907959
27.303876876831055, 27.3940486907959
27.799819946289062, 27.3940486907959
27.303876876831055, 27.3940486907959
27.799819946289062, 27.3940486907959
27.258792877197266, 27.168621063232422
27.484220504760742, 27.12353515625
27.619476318359375, 27.3940486907959
27.484220504760742, 27.574390411376953
27.3940486907959, 27.619476318359375
27.52930450439453, 27.348962783813477
27.3940486907959, 27.619476318359375
27.52930450439453, 27.348962783813477
27.3940486907959, 27.619476318359375
27.52930450439453, 27.348962783813477
27.3940486907959, 27.619476318359375
27.52930450439453, 27.348962783813477
27.3940486907959, 27.619476318359375
27.258792877197266, 27.303876876831055
27.303876876831055, 27.303876876831055
27.258792877197266, 27.303876876831055
27.303876876831055, 27.303876876831055
27.348962783813477, 27.12353515625
27.52930450439453, 27.484220504760742
27.70964813232422, 27.348962783813477
27.484220504760742, 27.574390411376953
27.484220504760742, 27.619476318359375
27.303876876831055, 27.484220504760742
27.213706970214844, 27.213706970214844
27.303876876831055, 27.484220504760742
27.213706970214844, 27.213706970214844
27.303876876831055, 27.484220504760742
27.213706970214844, 26.988277435302734
27.43913459777832, 27.348962783813477
27.619476318359375, 27.43913459777832
27.70964813232422, 27.348962783813477
27.574390411376953, 27.664562225341797
27.574390411376953, 27.574390411376953
27.348962783813477, 27.70964813232422
27.574390411376953, 27.574390411376953
27.348962783813477, 27.70964813232422
27.43913459777832, 27.70964813232422
27.484220504760742, 27.664562225341797
27.52930450439453, 27.574390411376953
27.935077667236328, 27.484220504760742
27.303876876831055, 27.52930450439453
27.52930450439453, 27.303876876831055
27.303876876831055, 27.52930450439453
27.52930450439453, 27.303876876831055
27.348962783813477, 27.348962783813477
27.75473403930664, 27.484220504760742
27.889991760253906, 27.303876876831055
27.664562225341797, 27.43913459777832
27.664562225341797, 27.43913459777832
27.303876876831055, 27.574390411376953
27.303876876831055, 27.574390411376953
27.258792877197266, 27.574390411376953
27.574390411376953, 27.574390411376953
27.258792877197266, 27.574390411376953
28.38593292236328, 27.980161666870117
28.02524757385254, 28.160505294799805
28.250675201416016, 27.844905853271484
27.935077667236328, 28.07033348083496
27.980161666870117, 27.75473403930664
27.844905853271484, 27.799819946289062
27.844905853271484, 27.799819946289062
27.799819946289062, 27.3940486907959
27.799819946289062, 27.3940486907959
27.70964813232422, 26.89810562133789
27.70964813232422, 26.89810562133789
27.70964813232422, 26.89810562133789
38.09446334838867, 32.356136322021484
37.790443420410156, 35.472312927246094
34.7122688293457, 36.08034896850586
36.118350982666016, 38.77850341796875
39.88056564331055, 34.86427688598633
35.62432098388672, 39.00651550292969
40.37459182739258, 34.484256744384766
34.788272857666016, 39.728553771972656
39.6905517578125, 37.52442932128906
34.788272857666016, 39.728553771972656
39.6905517578125, 37.52442932128906
34.788272857666016, 39.728553771972656
38.77850341796875, 38.5884895324707
34.788272857666016, 39.728553771972656
35.09229278564453, 38.51248550415039
38.5884895324707, 35.776329040527344
33.2681884765625, 37.82844543457031
38.09446334838867, 37.296417236328125
33.2681884765625, 37.82844543457031
36.57437515258789, 38.2464714050293
38.09446334838867, 33.724212646484375
35.09229278564453, 38.056461334228516
36.68838119506836, 35.13029479980469
33.76221466064453, 37.94245529174805
36.08034896850586, 37.52442932128906
38.28447341918945, 33.0401725769043
33.38219451904297, 37.22041320800781
37.52442932128906, 34.9782829284668
32.356136322021484, 36.38436508178711
35.43431091308594, 37.56243133544922
39.424537658691406, 34.028228759765625
33.76221466064453, 38.5884895324707
39.31053161621094, 35.206298828125
32.4321403503418, 38.170467376708984
36.232357025146484, 38.32247543334961
39.120521545410156, 33.99022674560547
34.3702507019043, 39.27252960205078
38.930511474609375, 34.86427688598633
33.07817459106445, 39.15852355957031
36.992401123046875, 37.75244140625
38.39847946166992, 32.964168548583984
33.80021667480469, 38.09446334838867
38.474483489990234, 35.32030487060547
32.92616653442383, 38.28447341918945
38.056461334228516, 36.68838119506836
32.090118408203125, 37.52442932128906
35.206298828125, 38.28447341918945
38.816505432128906, 34.484256744384766
33.534202575683594, 38.170467376708984
37.410423278808594, 35.32030487060547
32.850162506103516, 38.09446334838867
37.25841522216797, 36.61237716674805
32.204124450683594, 37.410423278808594
33.64820861816406, 37.75244140625
37.600433349609375, 34.52225875854492
32.850162506103516, 38.09446334838867
37.25841522216797, 36.61237716674805
32.204124450683594, 37.410423278808594
36.46036911010742, 37.44842529296875
37.410423278808594, 33.00217056274414
33.34419250488281, 37.714439392089844
37.410423278808594, 35.32030487060547
32.850162506103516, 38.09446334838867
37.25841522216797, 36.61237716674805
32.204124450683594, 37.410423278808594
34.82627487182617, 37.90445327758789
37.600433349609375, 34.52225875854492
32.58414840698242, 35.39630889892578
35.51031494140625, 33.95222473144531
32.05211639404297, 36.00434112548828
34.40825271606445, 35.28230285644531
35.73832702636719, 32.24212646484375
32.62215042114258, 35.358306884765625
35.70032501220703, 33.420196533203125
32.05211639404297, 36.00434112548828
35.206298828125, 34.82627487182617
31.672096252441406, 35.43431091308594
34.40825271606445, 35.28230285644531
35.73832702636719, 32.24212646484375
32.62215042114258, 35.358306884765625
35.51031494140625, 33.95222473144531
32.05211639404297, 36.00434112548828
35.206298828125, 34.82627487182617
31.672096252441406, 35.43431091308594
34.40825271606445, 35.28230285644531
35.73832702636719, 32.24212646484375
31.444082260131836, 32.05211639404297
32.47014236450195, 31.63409423828125
31.178068161010742, 32.24212646484375
32.356136322021484, 31.862106323242188
30.950054168701172, 32.204124450683594
32.12812042236328, 32.12812042236328
30.76004409790039, 31.710098266601562
31.444082260131836, 32.05211639404297
32.73615646362305, 31.482084274291992
31.178068161010742, 32.24212646484375
32.356136322021484, 31.862106323242188
30.950054168701172, 32.204124450683594
32.12812042236328, 32.12812042236328
30.76004409790039, 31.710098266601562
52.654319763183594, 51.04938507080078
44.13580322265625, 52.654319763183594
52.654319763183594, 51.04938507080078
44.13580322265625, 52.654319763183594
55.24691390991211, 47.59259033203125
49.814815521240234, 54.25926208496094
54.87654113769531, 45.86419677734375
51.04938507080078, 54.13580322265625
54.87654113769531, 45.86419677734375
51.04938507080078, 54.13580322265625
54.87654113769531, 45.86419677734375
51.04938507080078, 54.13580322265625
54.87654113769531, 45.86419677734375
51.04938507080078, 54.13580322265625
50.802467346191406, 42.53086471557617
50.061729431152344, 48.8271598815918
43.39506149291992, 50.679012298583984
50.061729431152344, 48.8271598815918
43.39506149291992, 50.679012298583984
50.061729431152344, 48.8271598815918
43.39506149291992, 50.679012298583984
50.061729431152344, 48.8271598815918
30.606060028076172, 30.55555534362793
26.414140701293945, 30.656566619873047
30.90909194946289, 29.898990631103516
26.969696044921875, 30.303030014038086
30.55555534362793, 29.747474670410156
26.969696044921875, 30.303030014038086
30.55555534362793, 29.747474670410156
26.969696044921875, 30.303030014038086
29.747474670410156, 28.939393997192383
26.11111068725586, 29.393939971923828
28.434343338012695, 28.787879943847656
31.565656661987305, 27.42424201965332
28.434343338012695, 28.787879943847656
31.31313133239746, 27.171716690063477
28.434343338012695, 28.787879943847656
31.31313133239746, 27.171716690063477
27.525253295898438, 29.24242401123047
30.505050659179688, 27.727272033691406
27.525253295898438, 29.24242401123047
29.7979793548584, 28.030303955078125
25.808080673217773, 28.88888931274414
28.989898681640625, 27.77777862548828
24.09090805053711, 26.565656661987305
25.75757598876953, 26.26262664794922
28.535354614257812, 25.2020206451416
25.75757598876953, 26.26262664794922
27.727272033691406, 25.55555534362793
24.595958709716797, 25.70707130432129
27.22222137451172, 25.70707130432129
23.28282928466797, 25.454545974731445
25.808080673217773, 25.90909194946289
27.323232650756836, 24.949495315551758
24.84848403930664, 25.858585357666016
26.767677307128906, 24.696969985961914
23.989898681640625, 25.454545974731445
25.303030014038086, 25.252525329589844
23.232322692871094, 24.898990631103516
24.343433380126953, 24.84848403930664
25.2020206451416, 24.040403366088867
23.636363983154297, 24.747474670410156
24.747474670410156, 23.8383846282959
23.18181800842285, 24.343433380126953
23.585859298706055, 24.393939971923828
25.75757598876953, 24.09090805053711
22.626262664794922, 23.939393997192383
25.2020206451416, 24.040403366088867
22.626262664794922, 23.939393997192383
23.636363983154297, 23.73737335205078
25.050504684448242, 23.68686866760254
22.77777862548828, 23.787878036499023
24.646465301513672, 23.787878036499023
22.323232650756836, 23.68686866760254
24.24242401123047, 23.585859298706055
22.02020263671875, 23.383838653564453
23.030303955078125, 24.040403366088867
25.050504684448242, 23.68686866760254
22.77777862548828, 23.787878036499023
24.646465301513672, 23.787878036499023
22.02020263671875, 23.383838653564453
23.636363983154297, 23.73737335205078
25.050504684448242, 23.68686866760254
22.77777862548828, 23.787878036499023
24.646465301513672, 23.787878036499023
22.323232650756836, 23.68686866760254
24.24242401123047, 23.585859298706055
22.02020263671875, 23.383838653564453
22.373737335205078, 23.232322692871094
23.585859298706055, 22.929292678833008
21.81818199157715, 22.929292678833008
23.28282928466797, 22.77777862548828
21.767677307128906, 22.77777862548828
22.373737335205078, 23.232322692871094
23.787878036499023, 22.77777862548828
22.171716690063477, 23.030303955078125
23.585859298706055, 22.929292678833008
21.767677307128906, 22.77777862548828
22.828283309936523, 22.97979736328125
23.787878036499023, 22.77777862548828
22.171716690063477, 23.030303955078125
23.585859298706055, 22.929292678833008
21.81818199157715, 22.929292678833008
22.828283309936523, 22.97979736328125
23.787878036499023, 22.77777862548828
22.171716690063477, 23.030303955078125
23.585859298706055, 22.929292678833008
21.81818199157715, 22.929292678833008
22.828283309936523, 22.97979736328125
23.787878036499023, 22.77777862548828
21.66666603088379, 22.676767349243164
22.878787994384766, 22.373737335205078
21.515151977539062, 22.57575798034668
22.57575798034668, 22.323232650756836
21.46464729309082, 22.474746704101562
21.66666603088379, 22.676767349243164
22.878787994384766, 22.373737335205078
21.515151977539062, 22.57575798034668
22.57575798034668, 22.323232650756836
21.46464729309082, 22.474746704101562
21.86868667602539, 22.727272033691406
22.878787994384766, 22.373737335205078
21.515151977539062, 22.57575798034668
22.57575798034668, 22.323232650756836
21.46464729309082, 22.474746704101562
21.66666603088379, 22.676767349243164
22.878787994384766, 22.373737335205078
25.0, 25.0
25.0, 25.0
25.0, 25.0
25.0, 25.0
25.0, 25.0
25.0, 25.0
25.0, 25.0
25.0, 25.0
46.51785659790039, 49.46428680419922
47.5, 50.44642639160156
47.99107360839844, 48.97321319580078
47.5, 47.00892639160156
46.51785659790039, 48.48214340209961
45.53571319580078, 46.02678680419922
46.02678680419922, 43.08035659790039
46.02678680419922, 43.08035659790039
47.99107360839844, 43.08035659790039
48.97321319580078, 43.57142639160156
47.99107360839844, 45.53571319580078
48.48214340209961, 45.04464340209961
53.39285659790039, 46.51785659790039
53.88393020629883, 50.44642639160156
52.41071319580078, 52.90178680419922
50.44642639160156, 50.44642639160156
52.41071319580078, 52.90178680419922
50.44642639160156, 50.44642639160156
47.5, 49.95535659790039
45.04464340209961, 48.48214340209961
45.53571319580078, 46.51785659790039
45.53571319580078, 46.02678680419922
47.5, 47.99107360839844
47.99107360839844, 49.46428680419922
48.48214340209961, 48.97321319580078
47.00892639160156, 47.99107360839844
46.51785659790039, 47.00892639160156
47.5, 44.0625
46.02678680419922, 43.08035659790039
46.02678680419922, 40.625
47.99107360839844, 43.08035659790039
48.97321319580078, 43.57142639160156
47.5, 45.53571319580078
49.95535659790039, 46.02678680419922
52.41071319580078, 46.51785659790039
53.88393020629883, 50.44642639160156
55.35714340209961, 53.39285659790039
55.35714340209961, 53.39285659790039
55.35714340209961, 53.39285659790039
52.41071319580078, 50.9375
49.46428680419922, 50.44642639160156
49.95535659790039, 48.97321319580078
47.99107360839844, 49.46428680419922
47.5, 49.95535659790039
48.48214340209961, 51.91964340209961
48.48214340209961, 51.91964340209961
48.48214340209961, 51.91964340209961
46.02678680419922, 50.44642639160156
46.51785659790039, 47.5
46.02678680419922, 48.97321319580078
49.46428680419922, 50.9375
49.46428680419922, 50.9375
50.9375, 49.95535659790039
49.46428680419922, 50.9375
50.9375, 49.95535659790039
47.5, 48.97321319580078
48.97321319580078, 47.00892639160156
47.5, 48.97321319580078
48.97321319580078, 47.00892639160156
47.5, 48.48214340209961
48.97321319580078, 45.53571319580078
46.02678680419922, 46.51785659790039
47.5, 45.53571319580078
47.00892639160156, 45.53571319580078
46.02678680419922, 46.51785659790039
47.00892639160156, 45.53571319580078
46.02678680419922, 46.51785659790039
47.00892639160156, 45.53571319580078
47.00892639160156, 44.0625
46.51785659790039, 44.55357360839844
50.9375, 43.57142639160156
52.41071319580078, 47.5
49.95535659790039, 49.46428680419922
49.95535659790039, 49.46428680419922
49.95535659790039, 48.97321319580078
47.99107360839844, 48.48214340209961
47.5, 49.95535659790039
47.5, 49.95535659790039
55.84821319580078, 56.83035659790039
53.39285659790039, 54.86606979370117
52.41071319580078, 51.42857360839844
53.39285659790039, 54.86606979370117
52.90178680419922, 51.42857360839844
53.39285659790039, 54.86606979370117
52.90178680419922, 51.42857360839844
53.39285659790039, 54.86606979370117
52.90178680419922, 51.42857360839844
53.39285659790039, 54.86606979370117
52.90178680419922, 51.42857360839844
30.202606201171875, 30.130245208740234
28.104196548461914, 29.11722183227539
29.479015350341797, 30.27496337890625
30.05788803100586, 30.202606201171875
29.913169860839844, 28.538349151611328
30.05788803100586, 30.202606201171875
29.913169860839844, 28.538349151611328
29.189579010009766, 29.913169860839844
29.33429718017578, 27.452966690063477
28.538349151611328, 29.69609260559082
29.33429718017578, 27.452966690063477
28.538349151611328, 29.69609260559082
29.33429718017578, 27.452966690063477
28.82778549194336, 26.584659576416016
27.814762115478516, 28.82778549194336
28.82778549194336, 26.584659576416016
27.814762115478516, 28.82778549194336
28.82778549194336, 26.584659576416016
27.814762115478516, 28.82778549194336
28.82778549194336, 26.584659576416016
28.176555633544922, 27.9594783782959
28.538349151611328, 29.261940002441406
28.24891471862793, 27.6700439453125
28.538349151611328, 29.189579010009766
28.24891471862793, 27.6700439453125
27.018814086914062, 29.33429718017578
28.24891471862793, 27.6700439453125
27.018814086914062, 29.33429718017578
28.393632888793945, 26.512300491333008
27.814762115478516, 28.82778549194336
28.393632888793945, 26.512300491333008
27.814762115478516, 28.82778549194336
28.393632888793945, 26.512300491333008
28.24891471862793, 27.6700439453125
28.538349151611328, 29.189579010009766
28.24891471862793, 27.6700439453125
28.538349151611328, 29.189579010009766
28.24891471862793, 27.6700439453125
28.538349151611328, 29.189579010009766
28.24891471862793, 27.6700439453125
28.755428314208984, 28.176555633544922
26.657018661499023, 29.69609260559082
28.755428314208984, 28.176555633544922
26.657018661499023, 29.69609260559082
28.61071014404297, 26.657018661499023
27.597684860229492, 28.465991973876953
28.61071014404297, 26.657018661499023
27.597684860229492, 28.465991973876953
28.24891471862793, 26.22286605834961
28.104196548461914, 28.755428314208984
28.24891471862793, 26.22286605834961
28.104196548461914, 28.755428314208984
27.9594783782959, 24.99276351928711
29.044862747192383, 26.874095916748047
26.80173683166504, 29.189579010009766
29.044862747192383, 26.874095916748047
26.80173683166504, 29.189579010009766
28.104196548461914, 25.788711547851562
28.104196548461914, 28.755428314208984
28.104196548461914, 25.788711547851562
28.104196548461914, 28.755428314208984
28.104196548461914, 25.788711547851562
28.104196548461914, 28.755428314208984
28.104196548461914, 25.788711547851562
29.044862747192383, 26.874095916748047
26.80173683166504, 29.189579010009766
29.044862747192383, 26.874095916748047
26.80173683166504, 29.189579010009766
29.044862747192383, 26.874095916748047
28.104196548461914, 28.755428314208984
28.104196548461914, 25.788711547851562
28.104196548461914, 28.755428314208984
28.104196548461914, 25.788711547851562
28.104196548461914, 28.755428314208984
28.104196548461914, 25.788711547851562
28.104196548461914, 28.755428314208984
28.104196548461914, 25.788711547851562
28.104196548461914, 28.755428314208984
26.657018661499023, 24.70332908630371
29.044862747192383, 26.874095916748047
26.80173683166504, 29.189579010009766
27.814762115478516, 26.1505069732666
26.80173683166504, 27.091171264648438
27.814762115478516, 26.1505069732666
26.80173683166504, 27.091171264648438
27.38060760498047, 25.643993377685547
27.6700439453125, 26.72937774658203
26.80173683166504, 27.091171264648438
28.900144577026367, 28.538349151611328
28.031837463378906, 28.61071014404297
28.900144577026367, 28.538349151611328
28.031837463378906, 28.61071014404297
28.900144577026367, 28.538349151611328
28.031837463378906, 28.61071014404297
27.30824851989746, 28.61071014404297
27.814762115478516, 27.88711929321289
27.525325775146484, 26.367584228515625
29.551374435424805, 27.814762115478516
28.900144577026367, 28.538349151611328
28.031837463378906, 28.61071014404297
28.900144577026367, 28.538349151611328
26.584659576416016, 27.742403030395508
27.30824851989746, 28.61071014404297
26.946455001831055, 28.393632888793945
27.525325775146484, 26.367584228515625
29.551374435424805, 27.814762115478516
28.900144577026367, 28.538349151611328
28.031837463378906, 28.61071014404297
27.30824851989746, 28.61071014404297
27.814762115478516, 27.88711929321289
27.525325775146484, 26.367584228515625
29.551374435424805, 27.814762115478516
28.900144577026367, 28.538349151611328
28.031837463378906, 28.61071014404297
28.900144577026367, 28.538349151611328
28.031837463378906, 28.61071014404297
27.30824851989746, 28.61071014404297
27.814762115478516, 27.88711929321289
27.525325775146484, 26.367584228515625
29.551374435424805, 27.814762115478516
28.900144577026367, 28.538349151611328
28.031837463378906, 28.61071014404297
29.189579010009766, 28.031837463378906
28.031837463378906, 28.61071014404297
27.525325775146484, 28.465991973876953
27.525325775146484, 26.367584228515625
29.189579010009766, 28.031837463378906
28.031837463378906, 28.61071014404297
27.525325775146484, 28.465991973876953
27.525325775146484, 26.367584228515625
29.189579010009766, 28.031837463378906
28.031837463378906, 28.61071014404297
27.525325775146484, 28.465991973876953
27.525325775146484, 26.367584228515625
27.525325775146484, 28.465991973876953
27.525325775146484, 26.367584228515625
29.189579010009766, 28.031837463378906
28.031837463378906, 28.61071014404297
27.525325775146484, 28.465991973876953
27.525325775146484, 26.367584228515625
29.189579010009766, 28.031837463378906
28.031837463378906, 28.61071014404297
27.525325775146484, 28.465991973876953
27.525325775146484, 26.367584228515625
29.189579010009766, 28.031837463378906
28.031837463378906, 28.61071014404297
27.525325775146484, 28.465991973876953
27.525325775146484, 26.367584228515625
29.189579010009766, 28.031837463378906
28.031837463378906, 28.61071014404297
27.525325775146484, 28.465991973876953
27.525325775146484, 26.367584228515625
29.189579010009766, 28.031837463378906
28.031837463378906, 28.61071014404297
29.189579010009766, 28.031837463378906
28.031837463378906, 28.61071014404297
27.525325775146484, 28.465991973876953
27.525325775146484, 26.367584228515625
29.189579010009766, 28.031837463378906
28.031837463378906, 28.61071014404297
29.189579010009766, 28.031837463378906
28.031837463378906, 28.61071014404297
27.525325775146484, 28.465991973876953
27.525325775146484, 26.367584228515625
29.551374435424805, 27.814762115478516
28.031837463378906, 28.61071014404297
29.551374435424805, 27.814762115478516
28.900144577026367, 28.538349151611328
26.584659576416016, 27.742403030395508
26.657018661499023, 28.683067321777344
25.660377502441406, 26.091644287109375
25.606468200683594, 26.30727767944336
25.822101593017578, 26.361186981201172
25.7681941986084, 26.30727767944336
25.39083480834961, 25.660377502441406
25.013477325439453, 25.660377502441406
25.013477325439453, 25.660377502441406
25.229110717773438, 25.444744110107422
25.28302001953125, 25.229110717773438
35.00590896606445, 43.81796646118164
35.791961669921875, 43.48699951171875
34.67494201660156, 40.59101867675781
37.819149017333984, 41.8321533203125
43.77659606933594, 42.287235260009766
43.77659606933594, 42.287235260009766
45.721038818359375, 41.211585998535156
51.678489685058594, 46.176124572753906
44.1903076171875, 51.26477813720703
51.678489685058594, 46.176124572753906
44.1903076171875, 51.26477813720703
51.678489685058594, 46.176124572753906
50.685577392578125, 51.76123046875
51.678489685058594, 46.176124572753906
44.2316780090332, 44.35579299926758
44.68675994873047, 40.756500244140625
44.2316780090332, 44.35579299926758
44.68675994873047, 40.756500244140625
44.1489372253418, 42.03900909423828
40.17730712890625, 43.735225677490234
44.1489372253418, 42.03900909423828
44.2316780090332, 44.35579299926758
44.1489372253418, 42.03900909423828
44.2316780090332, 44.35579299926758
44.1489372253418, 42.03900909423828
44.1489372253418, 42.03900909423828
40.260047912597656, 42.74231719970703
50.8096923828125, 48.03782653808594
50.06501007080078, 48.906620025634766
40.260047912597656, 48.07919692993164
50.06501007080078, 48.906620025634766
44.56264877319336, 48.36879348754883
47.748226165771484, 43.362884521484375
47.70685577392578, 45.34870147705078
40.260047912597656, 48.07919692993164
47.70685577392578, 45.34870147705078
40.260047912597656, 48.07919692993164
44.438533782958984, 40.13593292236328
44.56264877319336, 48.36879348754883
46.21749496459961, 40.34278869628906
48.906620025634766, 44.1903076171875
41.58392333984375, 47.251773834228516
45.05910110473633, 39.01891326904297
45.88652420043945, 47.169029235839844
45.05910110473633, 39.01891326904297
48.906620025634766, 44.1903076171875
45.88652420043945, 47.169029235839844
37.775062561035156, 41.687042236328125
44.96332550048828, 32.10268783569336
35.03667449951172, 43.64303207397461
45.501220703125, 32.20048904418945
35.42787170410156, 43.349632263183594
45.1589241027832, 32.2493896484375
35.42787170410156, 43.349632263183594
45.1589241027832, 32.2493896484375
35.770172119140625, 42.76283645629883
45.1589241027832, 32.2493896484375
35.770172119140625, 42.76283645629883
43.64303207397461, 32.88508605957031
36.11246871948242, 41.4914436340332
43.74082946777344, 32.2493896484375
36.503665924072266, 39.682151794433594
44.37652587890625, 31.56479263305664
36.503665924072266, 39.682151794433594
44.13203048706055, 31.271392822265625
36.014671325683594, 37.97066116333008
43.49633026123047, 31.320293426513672
36.014671325683594, 37.97066116333008
43.30073547363281, 31.173593521118164
36.014671325683594, 37.97066116333008
43.30073547363281, 31.173593521118164
38.60635757446289, 35.770172119140625
31.760391235351562, 41.88264083862305
39.437652587890625, 36.943763732910156
31.760391235351562, 41.88264083862305
38.557456970214844, 39.92665100097656
43.64303207397461, 31.613691329956055
39.48655319213867, 38.21515655517578
31.760391235351562, 42.224937438964844
38.557456970214844, 39.92665100097656
43.545230865478516, 32.05379104614258
39.48655319213867, 38.21515655517578
31.760391235351562, 42.224937438964844
37.82395935058594, 41.19804382324219
43.545230865478516, 32.05379104614258
38.557456970214844, 39.92665100097656
43.64303207397461, 31.613691329956055
39.48655319213867, 38.21515655517578
31.760391235351562, 42.224937438964844
37.82395935058594, 41.19804382324219
43.545230865478516, 32.05379104614258
39.48655319213867, 38.21515655517578
31.613691329956055, 43.105133056640625
37.82395935058594, 41.19804382324219
43.545230865478516, 32.05379104614258
38.557456970214844, 39.92665100097656
43.64303207397461, 31.613691329956055
39.48655319213867, 38.21515655517578
31.760391235351562, 42.224937438964844
37.82395935058594, 41.19804382324219
43.545230865478516, 32.05379104614258
39.48655319213867, 38.21515655517578
31.613691329956055, 43.105133056640625
37.82395935058594, 41.19804382324219
43.545230865478516, 32.05379104614258
38.557456970214844, 39.92665100097656
43.64303207397461, 31.613691329956055
39.48655319213867, 38.21515655517578
31.760391235351562, 42.224937438964844
38.557456970214844, 39.92665100097656
43.545230865478516, 32.05379104614258
39.48655319213867, 38.21515655517578
31.760391235351562, 42.224937438964844
37.82395935058594, 41.19804382324219
43.545230865478516, 32.05379104614258
38.557456970214844, 39.92665100097656
43.64303207397461, 31.613691329956055
37.48166275024414, 36.748165130615234
31.418092727661133, 39.5843505859375
38.557456970214844, 39.92665100097656
41.34474182128906, 31.271392822265625
37.48166275024414, 36.748165130615234
31.418092727661133, 39.5843505859375
40.4156494140625, 39.04645538330078
31.173593521118164, 40.51344680786133
40.122249603271484, 39.38875198364258
31.56479263305664, 42.95843505859375
36.748165130615234, 41.980438232421875
44.57212829589844, 32.34718704223633
37.334964752197266, 41.54034423828125
44.32762908935547, 32.396087646484375
36.210269927978516, 39.144256591796875
42.371639251708984, 31.955989837646484
36.650367736816406, 38.11735916137695
41.34474182128906, 31.36919403076172
37.48166275024414, 36.748165130615234
31.418092727661133, 39.5843505859375
36.210269927978516, 39.144256591796875
41.4914436340332, 31.613691329956055
36.650367736816406, 38.11735916137695
41.34474182128906, 31.36919403076172
37.48166275024414, 36.748165130615234
31.418092727661133, 39.5843505859375
36.210269927978516, 39.144256591796875
41.4914436340332, 31.613691329956055
36.650367736816406, 38.11735916137695
41.34474182128906, 31.36919403076172
37.48166275024414, 36.748165130615234
31.418092727661133, 39.5843505859375
36.650367736816406, 38.11735916137695
41.4914436340332, 31.613691329956055
37.48166275024414, 36.748165130615234
31.418092727661133, 39.5843505859375
36.210269927978516, 39.144256591796875
41.4914436340332, 31.613691329956055
36.650367736816406, 38.11735916137695
41.34474182128906, 31.36919403076172
37.48166275024414, 36.748165130615234
31.418092727661133, 39.5843505859375
36.650367736816406, 38.11735916137695
41.4914436340332, 31.613691329956055
37.48166275024414, 36.748165130615234
31.418092727661133, 39.5843505859375
36.210269927978516, 39.144256591796875
41.4914436340332, 31.613691329956055
36.650367736816406, 38.11735916137695
41.34474182128906, 31.36919403076172
37.48166275024414, 36.748165130615234
31.418092727661133, 39.5843505859375
36.650367736816406, 38.11735916137695
39.437652587890625, 31.12469482421875
37.48166275024414, 36.748165130615234
31.418092727661133, 39.5843505859375
38.5085563659668, 37.139366149902344
31.173593521118164, 40.51344680786133
35.96577072143555, 39.682151794433594
42.371639251708984, 31.955989837646484
36.210269927978516, 39.144256591796875
41.4914436340332, 31.613691329956055
36.650367736816406, 38.11735916137695
41.34474182128906, 31.36919403076172
37.48166275024414, 36.748165130615234
31.418092727661133, 39.5843505859375
36.650367736816406, 38.11735916137695
39.437652587890625, 31.12469482421875
37.48166275024414, 36.748165130615234
31.418092727661133, 39.5843505859375
38.5085563659668, 37.139366149902344
31.173593521118164, 40.51344680786133
35.96577072143555, 39.682151794433594
42.371639251708984, 31.955989837646484
36.210269927978516, 39.144256591796875
41.4914436340332, 31.613691329956055
36.650367736816406, 38.11735916137695
41.34474182128906, 31.36919403076172
37.48166275024414, 36.748165130615234
31.418092727661133, 39.5843505859375
36.650367736816406, 38.11735916137695
39.437652587890625, 31.12469482421875
37.48166275024414, 36.748165130615234
31.418092727661133, 39.5843505859375
36.210269927978516, 39.144256591796875
39.63325119018555, 31.320293426513672
37.48166275024414, 36.748165130615234
31.271392822265625, 40.122249603271484
38.5085563659668, 37.139366149902344
31.173593521118164, 40.51344680786133
35.96577072143555, 39.682151794433594
42.371639251708984, 31.955989837646484
36.210269927978516, 39.144256591796875
42.371639251708984, 31.955989837646484
36.650367736816406, 38.11735916137695
41.34474182128906, 31.36919403076172
37.48166275024414, 36.748165130615234
31.418092727661133, 39.5843505859375
36.210269927978516, 39.144256591796875
41.4914436340332, 31.613691329956055
36.650367736816406, 38.11735916137695
41.34474182128906, 31.36919403076172
37.48166275024414, 36.748165130615234
31.418092727661133, 39.5843505859375
36.650367736816406, 38.11735916137695
41.34474182128906, 31.36919403076172
37.48166275024414, 36.748165130615234
31.418092727661133, 39.5843505859375
36.210269927978516, 39.144256591796875
39.63325119018555, 31.320293426513672
35.28117370605469, 35.13447570800781
31.12469482421875, 36.55256652832031
38.5085563659668, 37.139366149902344
31.173593521118164, 40.51344680786133
35.96577072143555, 39.682151794433594
42.371639251708984, 31.955989837646484
36.210269927978516, 39.144256591796875
37.872859954833984, 31.418092727661133
34.7432746887207, 35.9168701171875
37.775062561035156, 31.173593521118164
35.28117370605469, 35.13447570800781
31.12469482421875, 36.55256652832031
34.44987869262695, 36.84596633911133
37.872859954833984, 31.418092727661133
35.28117370605469, 35.13447570800781
31.02689552307129, 36.894866943359375
34.44987869262695, 36.84596633911133
37.872859954833984, 31.418092727661133
34.7432746887207, 35.9168701171875
37.775062561035156, 31.173593521118164
35.28117370605469, 35.13447570800781
31.12469482421875, 36.55256652832031
34.7432746887207, 35.9168701171875
36.503665924072266, 30.929096221923828
35.28117370605469, 35.13447570800781
31.12469482421875, 36.55256652832031
36.210269927978516, 35.42787170410156
30.977994918823242, 37.04156494140625
36.25917053222656, 35.770172119140625
31.12469482421875, 36.943763732910156
34.25428009033203, 37.872859954833984
38.557456970214844, 31.80929183959961
34.44987869262695, 37.139366149902344
38.41075897216797, 31.6625919342041
34.44987869262695, 37.139366149902344
38.41075897216797, 31.6625919342041
34.44987869262695, 36.84596633911133
37.872859954833984, 31.418092727661133
34.7432746887207, 35.9168701171875
37.775062561035156, 31.173593521118164
35.28117370605469, 35.13447570800781
31.12469482421875, 36.55256652832031
34.7432746887207, 35.9168701171875
37.872859954833984, 31.418092727661133
35.28117370605469, 35.13447570800781
31.12469482421875, 36.55256652832031
34.44987869262695, 36.84596633911133
37.872859954833984, 31.418092727661133
34.7432746887207, 35.9168701171875
37.775062561035156, 31.173593521118164
35.28117370605469, 35.13447570800781
31.12469482421875, 36.55256652832031
34.44987869262695, 36.84596633911133
37.872859954833984, 31.418092727661133
34.7432746887207, 35.9168701171875
37.775062561035156, 31.173593521118164
35.28117370605469, 35.13447570800781
31.12469482421875, 36.55256652832031
34.7432746887207, 35.9168701171875
37.872859954833984, 31.418092727661133
35.28117370605469, 35.13447570800781
31.12469482421875, 36.55256652832031
34.44987869262695, 36.84596633911133
37.872859954833984, 31.418092727661133
34.7432746887207, 35.9168701171875
37.775062561035156, 31.173593521118164
35.28117370605469, 35.13447570800781
31.12469482421875, 36.55256652832031
34.7432746887207, 35.9168701171875
37.872859954833984, 31.418092727661133
35.28117370605469, 35.13447570800781
31.12469482421875, 36.55256652832031
34.44987869262695, 36.84596633911133
37.872859954833984, 31.418092727661133
34.7432746887207, 35.9168701171875
37.775062561035156, 31.173593521118164
35.28117370605469, 35.13447570800781
31.12469482421875, 36.55256652832031
34.7432746887207, 35.9168701171875
36.503665924072266, 30.929096221923828
35.28117370605469, 35.13447570800781
31.12469482421875, 36.55256652832031
36.210269927978516, 35.42787170410156
30.977994918823242, 37.04156494140625
34.44987869262695, 37.139366149902344
37.04156494140625, 31.418092727661133
34.44987869262695, 36.84596633911133
37.872859954833984, 31.418092727661133
34.7432746887207, 35.9168701171875
37.775062561035156, 31.173593521118164
35.28117370605469, 35.13447570800781
31.12469482421875, 36.55256652832031
34.7432746887207, 35.9168701171875
36.503665924072266, 30.929096221923828
35.28117370605469, 35.13447570800781
31.12469482421875, 36.55256652832031
36.210269927978516, 35.42787170410156
30.977994918823242, 37.04156494140625
36.25917053222656, 35.770172119140625
31.12469482421875, 36.943763732910156
34.25428009033203, 37.872859954833984
38.557456970214844, 31.80929183959961
34.44987869262695, 37.139366149902344
38.41075897216797, 31.6625919342041
34.44987869262695, 36.84596633911133
38.41075897216797, 31.6625919342041
34.7432746887207, 35.9168701171875
37.872859954833984, 31.418092727661133
35.28117370605469, 35.13447570800781
31.02689552307129, 36.894866943359375
34.44987869262695, 36.84596633911133
37.872859954833984, 31.418092727661133
34.7432746887207, 35.9168701171875
37.775062561035156, 31.173593521118164
35.28117370605469, 35.13447570800781
31.12469482421875, 36.55256652832031
34.44987869262695, 36.84596633911133
37.872859954833984, 31.418092727661133
34.7432746887207, 35.9168701171875
37.775062561035156, 31.173593521118164
35.28117370605469, 35.13447570800781
31.12469482421875, 36.55256652832031
34.44987869262695, 36.84596633911133
37.872859954833984, 31.418092727661133
34.7432746887207, 35.9168701171875
37.775062561035156, 31.173593521118164
35.28117370605469, 35.13447570800781
31.12469482421875, 36.55256652832031
34.7432746887207, 35.9168701171875
37.872859954833984, 31.418092727661133
35.28117370605469, 35.13447570800781
31.12469482421875, 36.55256652832031
34.44987869262695, 36.84596633911133
37.872859954833984, 31.418092727661133
34.7432746887207, 35.9168701171875
37.775062561035156, 31.173593521118164
35.28117370605469, 35.13447570800781
31.12469482421875, 36.55256652832031
34.44987869262695, 36.84596633911133
37.872859954833984, 31.418092727661133
35.28117370605469, 35.13447570800781
31.12469482421875, 36.55256652832031
34.44987869262695, 36.84596633911133
37.872859954833984, 31.418092727661133
34.7432746887207, 35.9168701171875
37.775062561035156, 31.173593521118164
35.28117370605469, 35.13447570800781
31.12469482421875, 36.55256652832031
34.7432746887207, 35.9168701171875
37.872859954833984, 31.418092727661133
35.28117370605469, 35.13447570800781
31.12469482421875, 36.55256652832031
34.44987869262695, 36.84596633911133
37.872859954833984, 31.418092727661133
34.7432746887207, 35.9168701171875
37.775062561035156, 31.173593521118164
35.28117370605469, 35.13447570800781
31.12469482421875, 36.55256652832031
34.7432746887207, 35.9168701171875
36.503665924072266, 30.929096221923828
35.28117370605469, 35.13447570800781
31.12469482421875, 36.55256652832031
36.210269927978516, 35.42787170410156
30.977994918823242, 37.04156494140625
36.25917053222656, 35.770172119140625
31.12469482421875, 36.943763732910156
34.25428009033203, 37.872859954833984
38.557456970214844, 31.80929183959961
34.44987869262695, 37.139366149902344
38.41075897216797, 31.6625919342041
34.44987869262695, 36.84596633911133
38.41075897216797, 31.6625919342041
34.7432746887207, 35.9168701171875
37.872859954833984, 31.418092727661133
35.28117370605469, 35.13447570800781
31.02689552307129, 36.894866943359375
34.44987869262695, 36.84596633911133
37.872859954833984, 31.418092727661133
34.7432746887207, 35.9168701171875
37.775062561035156, 31.173593521118164
35.28117370605469, 35.13447570800781
31.12469482421875, 36.55256652832031
34.44987869262695, 36.84596633911133
37.872859954833984, 31.418092727661133
34.7432746887207, 35.9168701171875
37.775062561035156, 31.173593521118164
35.28117370605469, 35.13447570800781
31.12469482421875, 36.55256652832031
34.44987869262695, 36.84596633911133
37.872859954833984, 31.418092727661133
34.7432746887207, 35.9168701171875
37.775062561035156, 31.173593521118164
35.28117370605469, 35.13447570800781
31.12469482421875, 36.55256652832031
34.7432746887207, 35.9168701171875
37.775062561035156, 31.173593521118164
35.28117370605469, 35.13447570800781
31.12469482421875, 36.55256652832031
34.44987869262695, 36.84596633911133
37.872859954833984, 31.418092727661133
34.7432746887207, 35.9168701171875
37.775062561035156, 31.173593521118164
35.28117370605469, 35.13447570800781
31.12469482421875, 36.55256652832031
34.7432746887207, 35.9168701171875
37.872859954833984, 31.418092727661133
35.28117370605469, 35.13447570800781
31.12469482421875, 36.55256652832031
34.44987869262695, 36.84596633911133
37.872859954833984, 31.418092727661133
34.7432746887207, 35.9168701171875
37.775062561035156, 31.173593521118164
35.28117370605469, 35.13447570800781
31.12469482421875, 36.55256652832031
34.7432746887207, 35.9168701171875
37.775062561035156, 31.173593521118164
35.28117370605469, 35.13447570800781
31.12469482421875, 36.55256652832031
34.44987869262695, 36.84596633911133
36.650367736816406, 31.12469482421875
35.28117370605469, 35.13447570800781
31.12469482421875, 36.55256652832031
36.210269927978516, 35.42787170410156
30.977994918823242, 37.04156494140625
34.44987869262695, 37.139366149902344
38.41075897216797, 31.6625919342041
34.44987869262695, 36.84596633911133
37.872859954833984, 31.418092727661133
34.7432746887207, 35.9168701171875
37.775062561035156, 31.173593521118164
35.28117370605469, 35.13447570800781
31.12469482421875, 36.55256652832031
34.44987869262695, 36.84596633911133
37.872859954833984, 31.418092727661133
34.7432746887207, 35.9168701171875
37.775062561035156, 31.173593521118164
35.28117370605469, 35.13447570800781
31.12469482421875, 36.55256652832031
34.7432746887207, 35.9168701171875
36.503665924072266, 30.929096221923828
35.28117370605469, 35.13447570800781
31.12469482421875, 36.55256652832031
36.55256652832031, 34.498779296875
31.02689552307129, 36.894866943359375
36.25917053222656, 35.770172119140625
31.12469482421875, 36.943763732910156
34.25428009033203, 37.872859954833984
38.557456970214844, 31.80929183959961
34.44987869262695, 37.139366149902344
38.41075897216797, 31.6625919342041
34.44987869262695, 36.84596633911133
37.872859954833984, 31.418092727661133
34.7432746887207, 35.9168701171875
37.775062561035156, 31.173593521118164
35.28117370605469, 35.13447570800781
31.12469482421875, 36.55256652832031
34.44987869262695, 36.84596633911133
37.872859954833984, 31.418092727661133
34.7432746887207, 35.9168701171875
37.775062561035156, 31.173593521118164
33.276283264160156, 32.88508605957031
30.78239631652832, 33.66748046875
32.88508605957031, 33.276283264160156
35.183372497558594, 31.12469482421875
33.276283264160156, 32.88508605957031
30.78239631652832, 33.66748046875
32.78728485107422, 34.15647888183594
35.183372497558594, 31.12469482421875
32.88508605957031, 33.276283264160156
35.03667449951172, 30.88019561767578
33.276283264160156, 32.88508605957031
30.78239631652832, 33.66748046875
32.88508605957031, 33.276283264160156
35.03667449951172, 30.88019561767578
33.276283264160156, 32.88508605957031
30.78239631652832, 33.66748046875
32.78728485107422, 34.15647888183594
35.183372497558594, 31.12469482421875
32.88508605957031, 33.276283264160156
35.03667449951172, 30.88019561767578
33.276283264160156, 32.88508605957031
30.78239631652832, 33.66748046875
33.71638107299805, 32.5916862487793
30.68459701538086, 34.00978088378906
33.66748046875, 33.71638107299805
34.79217529296875, 31.22249412536621
32.88508605957031, 33.276283264160156
34.30317687988281, 30.733495712280273
33.276283264160156, 32.88508605957031
30.78239631652832, 33.66748046875
32.78728485107422, 34.15647888183594
34.44987869262695, 30.929096221923828
32.88508605957031, 33.276283264160156
34.30317687988281, 30.733495712280273
33.91197967529297, 31.955989837646484
30.78239631652832, 33.66748046875
33.71638107299805, 32.5916862487793
30.68459701538086, 34.00978088378906
33.56968307495117, 33.42298126220703
30.635696411132812, 34.058677673339844
33.66748046875, 33.71638107299805
34.79217529296875, 31.22249412536621
32.836185455322266, 34.59657669067383
35.47677230834961, 31.36919403076172
32.88508605957031, 33.276283264160156
35.183372497558594, 31.12469482421875
33.276283264160156, 32.88508605957031
30.78239631652832, 33.66748046875
32.78728485107422, 34.15647888183594
35.183372497558594, 31.12469482421875
32.88508605957031, 33.276283264160156
35.03667449951172, 30.88019561767578
33.276283264160156, 32.88508605957031
30.78239631652832, 33.66748046875
32.88508605957031, 33.276283264160156
34.30317687988281, 30.733495712280273
33.276283264160156, 32.88508605957031
30.78239631652832, 33.66748046875
32.78728485107422, 34.15647888183594
42.91718292236328, 44.085289001464844
43.640296936035156, 43.918418884277344
43.58467102050781, 43.306549072265625
43.473426818847656, 43.36217498779297
42.30531311035156, 43.0284309387207
43.473426818847656, 43.36217498779297
43.0284309387207, 43.41780090332031
43.41780090332031, 43.139678955078125
43.0284309387207, 43.41780090332031
43.41780090332031, 43.139678955078125
43.139678955078125, 43.139678955078125
41.63782501220703, 41.9715690612793
43.0284309387207, 43.41780090332031
43.41780090332031, 43.139678955078125
43.0284309387207, 43.41780090332031
43.41780090332031, 43.139678955078125
43.139678955078125, 43.139678955078125
41.63782501220703, 41.9715690612793
43.0284309387207, 43.41780090332031
43.41780090332031, 43.139678955078125
43.139678955078125, 43.139678955078125
41.470951080322266, 42.47218704223633
43.0284309387207, 43.41780090332031
43.41780090332031, 43.139678955078125
43.0284309387207, 43.41780090332031
43.41780090332031, 43.139678955078125
43.139678955078125, 43.139678955078125
41.63782501220703, 41.9715690612793
43.0284309387207, 43.41780090332031
43.41780090332031, 43.139678955078125
43.139678955078125, 43.139678955078125
41.63782501220703, 41.9715690612793
43.0284309387207, 43.41780090332031
43.41780090332031, 43.139678955078125
43.58467102050781, 42.91718292236328
41.91594696044922, 42.52781295776367
43.36217498779297, 43.41780090332031
43.918418884277344, 42.41656494140625
43.58467102050781, 42.91718292236328
41.91594696044922, 42.52781295776367
43.36217498779297, 43.41780090332031
43.918418884277344, 42.41656494140625
43.58467102050781, 42.91718292236328
41.91594696044922, 42.52781295776367
43.36217498779297, 43.41780090332031
43.918418884277344, 42.41656494140625
43.58467102050781, 42.91718292236328
41.91594696044922, 42.52781295776367
43.58467102050781, 42.91718292236328
41.91594696044922, 42.52781295776367
43.36217498779297, 43.41780090332031
43.918418884277344, 42.41656494140625
43.58467102050781, 42.91718292236328
41.91594696044922, 42.52781295776367
43.36217498779297, 43.41780090332031
43.807167053222656, 41.80469512939453
43.58467102050781, 42.91718292236328
41.91594696044922, 42.52781295776367
43.58467102050781, 42.91718292236328
41.91594696044922, 42.52781295776367
44.085289001464844, 43.41780090332031
41.91594696044922, 42.52781295776367
44.029666900634766, 43.918418884277344
41.91594696044922, 42.52781295776367
44.029666900634766, 43.918418884277344
41.63782501220703, 42.97280502319336
44.029666900634766, 43.918418884277344
41.63782501220703, 42.97280502319336
44.029666900634766, 43.918418884277344
41.63782501220703, 42.97280502319336
44.30778503417969, 44.64153289794922
43.918418884277344, 42.41656494140625
44.085289001464844, 43.41780090332031
41.91594696044922, 42.52781295776367
44.029666900634766, 43.918418884277344
41.91594696044922, 42.52781295776367
44.029666900634766, 43.918418884277344
42.360939025878906, 42.86155700683594
44.029666900634766, 43.918418884277344
42.08281707763672, 43.19530487060547
44.029666900634766, 43.918418884277344
42.08281707763672, 43.19530487060547
44.029666900634766, 43.918418884277344
42.08281707763672, 43.19530487060547
44.029666900634766, 43.918418884277344
42.08281707763672, 43.19530487060547
44.029666900634766, 43.918418884277344
42.08281707763672, 43.19530487060547
44.029666900634766, 43.918418884277344
42.08281707763672, 43.19530487060547
44.029666900634766, 43.918418884277344
42.08281707763672, 43.19530487060547
43.41780090332031, 43.807167053222656
43.36217498779297, 42.30531311035156
44.085289001464844, 43.41780090332031
42.360939025878906, 42.86155700683594
44.085289001464844, 43.41780090332031
42.360939025878906, 42.86155700683594
43.58467102050781, 43.19530487060547
42.58343505859375, 42.41656494140625
41.359703063964844, 42.639060974121094
42.13844299316406, 42.91718292236328
43.41780090332031, 43.807167053222656
43.36217498779297, 42.30531311035156
43.58467102050781, 43.19530487060547
42.58343505859375, 42.41656494140625
41.359703063964844, 42.639060974121094
42.58343505859375, 42.41656494140625
41.359703063964844, 42.639060974121094
42.13844299316406, 42.91718292236328
43.41780090332031, 44.25216293334961
43.36217498779297, 42.30531311035156
43.25092697143555, 43.139678955078125
42.58343505859375, 42.41656494140625
41.359703063964844, 42.639060974121094
42.58343505859375, 43.0284309387207
43.25092697143555, 43.139678955078125
42.58343505859375, 43.0284309387207
43.25092697143555, 43.139678955078125
42.58343505859375, 43.0284309387207
43.25092697143555, 43.139678955078125
42.58343505859375, 43.0284309387207
43.25092697143555, 43.139678955078125
42.58343505859375, 43.0284309387207
43.25092697143555, 43.139678955078125
42.69468688964844, 42.58343505859375
41.91594696044922, 43.08405303955078
43.139678955078125, 42.97280502319336
41.91594696044922, 43.139678955078125
42.30531311035156, 42.47218704223633
42.30531311035156, 41.470951080322266
42.30531311035156, 42.47218704223633
42.30531311035156, 40.74783706665039
42.41656494140625, 41.9715690612793
41.3040771484375, 42.639060974121094
42.86155700683594, 42.249691009521484
41.3040771484375, 42.639060974121094
42.86155700683594, 42.249691009521484
41.526573181152344, 42.13844299316406
42.86155700683594, 42.249691009521484
41.526573181152344, 42.13844299316406
42.86155700683594, 42.249691009521484
41.526573181152344, 42.13844299316406
42.86155700683594, 42.249691009521484
41.526573181152344, 42.13844299316406
42.86155700683594, 42.249691009521484
41.526573181152344, 42.13844299316406
42.30531311035156, 41.74907302856445
41.526573181152344, 42.13844299316406
42.30531311035156, 41.74907302856445
41.860321044921875, 42.47218704223633
42.30531311035156, 41.74907302856445
41.860321044921875, 42.47218704223633
42.30531311035156, 41.74907302856445
42.249691009521484, 41.9715690612793
41.359703063964844, 42.58343505859375
42.249691009521484, 41.9715690612793
41.359703063964844, 42.58343505859375
42.249691009521484, 41.9715690612793
41.359703063964844, 42.58343505859375
42.58343505859375, 41.9715690612793
41.359703063964844, 42.58343505859375
42.58343505859375, 41.9715690612793
41.470951080322266, 41.9715690612793
42.58343505859375, 41.9715690612793
41.470951080322266, 41.9715690612793
40.580963134765625, 41.081581115722656
40.24721908569336, 40.414093017578125
40.19159698486328, 40.02471923828125
40.24721908569336, 40.414093017578125
39.57972717285156, 38.68974304199219
39.802223205566406, 38.91223907470703
39.74660110473633, 39.301605224609375
39.913475036621094, 39.635353088378906
40.35846710205078, 40.13597106933594
39.57972717285156, 40.13597106933594
40.02471923828125, 39.301605224609375
39.57972717285156, 40.13597106933594
40.02471923828125, 39.301605224609375
39.57972717285156, 40.13597106933594
40.02471923828125, 39.52410125732422
39.57972717285156, 40.13597106933594
40.19159698486328, 39.635353088378906
40.35846710205078, 41.02595520019531
40.19159698486328, 39.635353088378906
40.35846710205078, 41.02595520019531
39.85784912109375, 39.35723114013672
40.35846710205078, 41.02595520019531
39.85784912109375, 39.35723114013672
40.24721908569336, 40.19159698486328
39.57972717285156, 40.914710998535156
40.24721908569336, 40.19159698486328
39.57972717285156, 40.914710998535156
40.24721908569336, 40.19159698486328
39.57972717285156, 40.914710998535156
40.02471923828125, 40.080345153808594
39.134735107421875, 39.07910919189453
40.13597106933594, 40.414093017578125
39.635353088378906, 38.96786117553711
40.13597106933594, 40.414093017578125
39.635353088378906, 38.96786117553711
40.19159698486328, 39.635353088378906
40.35846710205078, 41.02595520019531
40.19159698486328, 39.635353088378906
40.35846710205078, 41.02595520019531
40.19159698486328, 39.635353088378906
40.35846710205078, 41.02595520019531
39.96909713745117, 39.46847915649414
40.4697151184082, 40.63658905029297
39.46847915649414, 39.35723114013672
40.4697151184082, 40.63658905029297
39.46847915649414, 39.35723114013672
40.4697151184082, 40.63658905029297
39.46847915649414, 39.35723114013672
40.4697151184082, 39.74660110473633
39.85784912109375, 40.414093017578125
39.02348327636719, 37.57725524902344
37.855377197265625, 38.355995178222656
38.07787322998047, 37.57725524902344
37.91100311279297, 38.634117126464844
37.7441291809082, 37.076637268066406
37.57725524902344, 38.189125061035156
37.7441291809082, 37.076637268066406
37.13226318359375, 37.7441291809082
37.076637268066406, 36.576019287109375
37.13226318359375, 37.7441291809082
37.29913330078125, 37.688507080078125
36.019775390625, 37.41038513183594
35.57478332519531, 36.79851531982422
35.908531188964844, 37.91100311279297
36.909767150878906, 38.91223907470703
37.91100311279297, 39.69097900390625
38.30036926269531, 38.244747161865234
38.13349914550781, 38.30036926269531
38.189125061035156, 37.91100311279297
37.688507080078125, 37.187889099121094
37.63288116455078, 36.85414123535156
37.354759216308594, 36.46477127075195
37.354759216308594, 36.46477127075195
37.7441291809082, 36.79851531982422
38.46724319458008, 37.91100311279297
39.02348327636719, 38.355995178222656
38.30036926269531, 38.41162109375
38.5784912109375, 37.521629333496094
38.30036926269531, 38.41162109375
38.46724319458008, 37.91100311279297
38.30036926269531, 38.41162109375
38.30036926269531, 37.354759216308594
39.02348327636719, 38.355995178222656
38.30036926269531, 38.41162109375
38.5784912109375, 37.521629333496094
38.30036926269531, 38.41162109375
38.5784912109375, 37.521629333496094
38.30036926269531, 38.41162109375
38.46724319458008, 37.91100311279297
39.02348327636719, 38.355995178222656
38.30036926269531, 38.41162109375
39.02348327636719, 38.355995178222656
38.30036926269531, 38.41162109375
38.91223907470703, 38.07787322998047
38.41162109375, 38.85661315917969
38.91223907470703, 38.07787322998047
38.41162109375, 38.85661315917969
38.91223907470703, 38.07787322998047
38.41162109375, 38.85661315917969
38.634117126464844, 38.522865295410156
38.41162109375, 38.85661315917969
38.634117126464844, 38.522865295410156
38.41162109375, 38.85661315917969
38.41162109375, 38.13349914550781
39.134735107421875, 38.46724319458008
24.057376861572266, 32.75175476074219
30.43325424194336, 23.00351333618164
22.26580810546875, 32.80445098876953
30.275177001953125, 25.1639347076416
22.26580810546875, 32.80445098876953
30.275177001953125, 25.1639347076416
22.26580810546875, 32.80445098876953
30.275177001953125, 25.1639347076416
23.425058364868164, 36.598358154296875
30.275177001953125, 25.1639347076416
23.425058364868164, 36.598358154296875
32.382904052734375, 25.480093002319336
23.425058364868164, 36.598358154296875
32.382904052734375, 25.480093002319336
23.425058364868164, 36.598358154296875
32.382904052734375, 25.480093002319336
23.425058364868164, 36.598358154296875
32.382904052734375, 25.480093002319336
24.847774505615234, 39.54917907714844
36.176815032958984, 25.690866470336914
24.847774505615234, 39.54917907714844
36.176815032958984, 25.690866470336914
24.847774505615234, 39.54917907714844
36.176815032958984, 25.690866470336914
24.847774505615234, 39.54917907714844
38.864166259765625, 23.74121856689453
28.95784568786621, 39.918033599853516
38.864166259765625, 23.74121856689453
28.95784568786621, 39.918033599853516
38.864166259765625, 23.74121856689453
28.95784568786621, 39.918033599853516
38.864166259765625, 23.74121856689453
28.95784568786621, 39.918033599853516
38.864166259765625, 23.74121856689453
26.74472999572754, 32.11943817138672
32.59367752075195, 22.529273986816406
26.586650848388672, 28.694379806518555
31.22365379333496, 21.63348960876465
30.960186004638672, 24.320842742919922
23.10890007019043, 32.11943817138672
30.960186004638672, 24.320842742919922
23.10890007019043, 32.11943817138672
30.960186004638672, 24.320842742919922
23.58313751220703, 29.64285659790039
30.960186004638672, 24.320842742919922
23.58313751220703, 29.64285659790039
30.960186004638672, 24.320842742919922
26.586650848388672, 28.694379806518555
29.64285659790039, 22.476581573486328
26.586650848388672, 28.694379806518555
36.01873779296875, 24.162763595581055
28.95784568786621, 34.069087982177734
36.01873779296875, 24.162763595581055
37.12528991699219, 27.218969345092773
23.846603393554688, 39.022247314453125
37.12528991699219, 27.218969345092773
23.846603393554688, 39.022247314453125
37.12528991699219, 27.218969345092773
23.846603393554688, 39.022247314453125
36.01873779296875, 24.162763595581055
27.060890197753906, 34.7014045715332
36.01873779296875, 24.162763595581055
27.060890197753906, 34.7014045715332
36.01873779296875, 24.162763595581055
32.11943817138672, 26.217798233032227
22.055034637451172, 30.696720123291016
32.11943817138672, 26.217798233032227
22.055034637451172, 30.696720123291016
32.11943817138672, 26.217798233032227
23.05620574951172, 27.53512954711914
29.484777450561523, 23.372365951538086
23.00351333618164, 26.112411499023438
27.640514373779297, 21.844263076782227
25.95433235168457, 22.055034637451172
21.949647903442383, 28.95784568786621
25.95433235168457, 22.055034637451172
21.949647903442383, 28.95784568786621
25.95433235168457, 22.055034637451172
23.00351333618164, 26.112411499023438
23.10890007019043, 21.370023727416992
23.00351333618164, 26.112411499023438
27.640514373779297, 21.844263076782227
25.95433235168457, 22.055034637451172
21.949647903442383, 28.95784568786621
25.95433235168457, 22.055034637451172
23.00351333618164, 26.112411499023438
23.10890007019043, 21.370023727416992
23.00351333618164, 26.112411499023438
23.10890007019043, 21.370023727416992
25.95433235168457, 22.055034637451172
21.949647903442383, 28.95784568786621
23.10890007019043, 21.370023727416992
23.00351333618164, 26.112411499023438
23.10890007019043, 21.370023727416992
25.95433235168457, 22.055034637451172
21.949647903442383, 28.95784568786621
25.95433235168457, 22.055034637451172
23.00351333618164, 26.112411499023438
23.10890007019043, 21.370023727416992
25.95433235168457, 22.055034637451172
21.264636993408203, 23.10890007019043
22.634660720825195, 21.159250259399414
21.264636993408203, 23.10890007019043
21.47541046142578, 20.94847869873047
21.52810287475586, 22.318500518798828
21.47541046142578, 20.94847869873047
22.634660720825195, 21.159250259399414
21.264636993408203, 23.10890007019043
21.47541046142578, 20.94847869873047
22.634660720825195, 21.159250259399414
21.264636993408203, 23.10890007019043
22.634660720825195, 21.159250259399414
21.52810287475586, 22.318500518798828
21.47541046142578, 20.94847869873047
22.634660720825195, 21.159250259399414
21.264636993408203, 23.10890007019043
22.634660720825195, 21.159250259399414
21.52810287475586, 22.318500518798828
23.46666717529297, 23.46666717529297
22.399999618530273, 23.253334045410156
22.880001068115234, 23.46666717529297
23.68000030517578, 22.933334350585938
23.30666732788086, 23.30666732788086
22.399999618530273, 23.253334045410156
22.880001068115234, 23.360000610351562
23.30666732788086, 22.8266658782959
22.880001068115234, 23.360000610351562
23.30666732788086, 22.8266658782959
22.880001068115234, 23.360000610351562
23.30666732788086, 22.8266658782959
22.880001068115234, 23.360000610351562
23.30666732788086, 22.8266658782959
22.880001068115234, 23.360000610351562
23.30666732788086, 22.8266658782959
23.14666748046875, 23.30666732788086
23.30666732788086, 22.933334350585938
23.14666748046875, 23.30666732788086
23.30666732788086, 22.933334350585938
23.14666748046875, 23.30666732788086
23.360000610351562, 22.933334350585938
23.14666748046875, 23.30666732788086
23.360000610351562, 22.933334350585938
23.14666748046875, 23.30666732788086
23.360000610351562, 22.933334350585938
23.14666748046875, 23.30666732788086
23.093334197998047, 23.200000762939453
23.46666717529297, 23.093334197998047
23.093334197998047, 23.200000762939453
23.46666717529297, 23.093334197998047
23.14666748046875, 23.200000762939453
23.46666717529297, 23.093334197998047
23.14666748046875, 23.200000762939453
23.14666748046875, 23.093334197998047
23.14666748046875, 23.200000762939453
23.14666748046875, 23.093334197998047
23.68000030517578, 23.46666717529297
23.360000610351562, 23.253334045410156
22.880001068115234, 23.413333892822266
23.360000610351562, 23.253334045410156
22.66666603088379, 23.14666748046875
23.093334197998047, 22.933334350585938
22.66666603088379, 23.14666748046875
22.399999618530273, 22.8266658782959
22.66666603088379, 22.719999313354492
23.093334197998047, 23.46666717529297
23.093334197998047, 23.30666732788086
23.626667022705078, 23.46666717529297
23.093334197998047, 23.30666732788086
23.626667022705078, 23.46666717529297
23.14666748046875, 23.413333892822266
23.733333587646484, 23.573333740234375
23.040000915527344, 23.413333892822266
23.733333587646484, 23.573333740234375
23.093334197998047, 23.46666717529297
23.200000762939453, 23.520000457763672
23.626667022705078, 23.46666717529297
23.253334045410156, 23.68000030517578
23.626667022705078, 23.46666717529297
23.253334045410156, 23.68000030517578
23.733333587646484, 23.573333740234375
23.68000030517578, 24.426666259765625
24.266666412353516, 24.373332977294922
24.266666412353516, 24.31999969482422
24.053333282470703, 24.266666412353516
24.053333282470703, 24.266666412353516
24.053333282470703, 24.266666412353516
24.213333129882812, 24.0
24.639999389648438, 23.786666870117188
24.586666107177734, 23.733333587646484
24.586666107177734, 23.733333587646484
24.53333282470703, 23.946666717529297
24.31999969482422, 24.053333282470703
23.733333587646484, 25.01333236694336
24.69333267211914, 23.893333435058594
23.946666717529297, 24.639999389648438
24.53333282470703, 23.946666717529297
24.053333282470703, 24.266666412353516
24.53333282470703, 23.946666717529297
24.31999969482422, 24.053333282470703
23.68000030517578, 24.906665802001953
24.69333267211914, 23.893333435058594
23.893333435058594, 24.53333282470703
24.69333267211914, 23.893333435058594
24.053333282470703, 24.213333129882812
24.53333282470703, 23.946666717529297
24.31999969482422, 24.106666564941406
23.68000030517578, 24.906665802001953
24.31999969482422, 24.106666564941406
23.68000030517578, 24.906665802001953
24.639999389648438, 24.0
24.053333282470703, 24.213333129882812
24.53333282470703, 23.946666717529297
24.31999969482422, 24.106666564941406
23.893333435058594, 24.799999237060547
24.31999969482422, 24.106666564941406
24.15999984741211, 24.479999542236328
24.639999389648438, 24.0
24.373332977294922, 24.213333129882812
24.106666564941406, 24.799999237060547
24.639999389648438, 24.15999984741211
24.053333282470703, 24.959999084472656
24.85333251953125, 24.0
24.213333129882812, 24.639999389648438
24.586666107177734, 23.786666870117188
24.373332977294922, 24.31999969482422
23.946666717529297, 25.01333236694336
24.586666107177734, 24.31999969482422
23.946666717529297, 25.01333236694336
24.799999237060547, 24.053333282470703
24.31999969482422, 24.373332977294922
24.479999542236328, 23.893333435058594
24.479999542236328, 24.373332977294922
24.15999984741211, 24.959999084472656
24.746665954589844, 24.15999984741211
24.31999969482422, 24.69333267211914
24.373332977294922, 23.946666717529297
24.746665954589844, 24.213333129882812
24.266666412353516, 24.799999237060547
24.906665802001953, 24.106666564941406
24.53333282470703, 24.69333267211914
24.639999389648438, 23.946666717529297
24.85333251953125, 24.15999984741211
24.639999389648438, 25.226665496826172
24.906665802001953, 24.106666564941406
24.85333251953125, 25.119998931884766
24.746665954589844, 24.0
25.119998931884766, 24.586666107177734
24.639999389648438, 25.226665496826172
25.17333221435547, 24.53333282470703
25.01333236694336, 24.53333282470703
24.586666107177734, 25.226665496826172
25.119998931884766, 24.586666107177734
24.639999389648438, 25.226665496826172
60.0, 53.518516540527344
60.0, 60.0
60.0, 60.0
60.0, 60.0
60.0, 60.0
45.416664123535156, 60.0
42.175926208496094, 54.49073791503906
40.55555725097656, 52.546295166015625
42.175926208496094, 49.953704833984375
40.87963104248047, 48.00926208496094
39.58333206176758, 48.333335876464844
36.66666793823242, 49.30555725097656
33.10185241699219, 49.953704833984375
31.481481552124023, 48.333335876464844
31.481481552124023, 48.981483459472656
30.509258270263672, 48.65740966796875
30.509258270263672, 48.65740966796875
30.509258270263672, 48.981483459472656
30.509258270263672, 48.981483459472656
30.509258270263672, 48.333335876464844
30.509258270263672, 50.27777862548828
30.185184478759766, 47.36111068725586
28.564815521240234, 49.953704833984375
28.240741729736328, 50.27777862548828
44.377105712890625, 31.04376983642578
43.56902313232422, 37.37373733520508
42.76094055175781, 50.43770980834961
43.030303955078125, 45.185184478759766
45.31986618041992, 36.70033645629883
43.030303955078125, 45.185184478759766
45.31986618041992, 36.70033645629883
43.030303955078125, 45.185184478759766
45.31986618041992, 36.70033645629883
43.030303955078125, 45.185184478759766
40.06734085083008, 43.97306442260742
37.23905944824219, 32.52525329589844
40.06734085083008, 43.97306442260742
39.25926208496094, 34.276092529296875
40.06734085083008, 43.97306442260742
40.336700439453125, 38.45117950439453
32.121212005615234, 43.43434143066406
37.91246032714844, 42.49158477783203
36.296295166015625, 33.06397247314453
37.91246032714844, 42.49158477783203
36.296295166015625, 33.06397247314453
34.68013381958008, 44.91582489013672
35.35353469848633, 34.814815521240234
33.468013763427734, 45.050506591796875
37.23905944824219, 36.56565856933594
29.427608489990234, 42.22222137451172
34.814815521240234, 40.20201873779297
37.77777862548828, 31.71717071533203
31.04376983642578, 43.16498565673828
39.39393997192383, 34.00673294067383
29.023569107055664, 44.511783599853516
37.23905944824219, 36.56565856933594
29.023569107055664, 44.511783599853516
33.19865417480469, 43.56902313232422
43.56902313232422, 34.68013381958008
29.696969985961914, 45.858585357666016
43.030303955078125, 37.91246032714844
29.696969985961914, 45.858585357666016
43.030303955078125, 37.91246032714844
28.080806732177734, 45.858585357666016
37.91246032714844, 42.49158477783203
40.47138214111328, 31.58249282836914
33.468013763427734, 45.58922576904297
43.56902313232422, 34.68013381958008
29.831649780273438, 47.340065002441406
43.030303955078125, 37.91246032714844
29.831649780273438, 47.340065002441406
43.030303955078125, 37.91246032714844
28.484848022460938, 46.26262664794922
37.91246032714844, 44.78114318847656
42.22222137451172, 32.255889892578125
33.468013763427734, 47.47474670410156
44.91582489013672, 35.89225769042969
30.505050659179688, 48.552188873291016
43.16498565673828, 39.93265914916992
30.505050659179688, 48.552188873291016
43.16498565673828, 39.93265914916992
28.484848022460938, 46.26262664794922
37.91246032714844, 44.78114318847656
42.22222137451172, 32.255889892578125
37.91246032714844, 44.78114318847656
44.91582489013672, 35.89225769042969
33.468013763427734, 47.47474670410156
44.91582489013672, 35.89225769042969
30.505050659179688, 48.552188873291016
43.16498565673828, 39.93265914916992
30.505050659179688, 48.552188873291016
43.16498565673828, 39.93265914916992
28.484848022460938, 46.26262664794922
43.16498565673828, 39.93265914916992
28.484848022460938, 46.26262664794922
37.91246032714844, 44.78114318847656
42.22222137451172, 32.255889892578125
33.468013763427734, 47.47474670410156
44.91582489013672, 35.89225769042969
32.255889892578125, 42.62626266479492
41.010101318359375, 33.33333206176758
30.23569107055664, 44.377105712890625
39.663299560546875, 36.56565856933594
30.23569107055664, 44.377105712890625
39.663299560546875, 36.56565856933594
28.484848022460938, 43.030303955078125
39.663299560546875, 36.56565856933594
28.484848022460938, 43.030303955078125
34.00673294067383, 40.336700439453125
34.949493408203125, 30.37036895751953
29.427608489990234, 39.12458038330078
36.296295166015625, 31.851852416992188
29.427608489990234, 39.12458038330078
36.296295166015625, 31.851852416992188
28.350168228149414, 40.20201873779297
35.35353469848633, 34.68013381958008
28.350168228149414, 40.20201873779297
35.35353469848633, 34.68013381958008
28.350168228149414, 40.20201873779297
35.35353469848633, 34.68013381958008
27.272727966308594, 39.25926208496094
35.35353469848633, 34.68013381958008
27.272727966308594, 39.25926208496094
32.255889892578125, 37.23905944824219
34.949493408203125, 30.37036895751953
32.255889892578125, 37.23905944824219
36.296295166015625, 31.851852416992188
29.427608489990234, 39.12458038330078
36.296295166015625, 31.851852416992188
29.427608489990234, 39.12458038330078
36.296295166015625, 31.851852416992188
28.350168228149414, 40.20201873779297
36.296295166015625, 31.851852416992188
28.350168228149414, 40.20201873779297
35.35353469848633, 34.68013381958008
28.350168228149414, 40.20201873779297
35.35353469848633, 34.68013381958008
28.350168228149414, 40.20201873779297
35.35353469848633, 34.68013381958008
28.350168228149414, 40.20201873779297
35.35353469848633, 34.68013381958008
27.272727966308594, 39.25926208496094
35.35353469848633, 34.68013381958008
36.25458908081055, 36.59730529785156
36.16891098022461, 36.682987213134766
35.99755096435547, 36.854347229003906
36.08323287963867, 36.81150436401367
36.16891098022461, 36.511627197265625
35.99755096435547, 36.511627197265625
36.04039001464844, 36.468788146972656
36.12607192993164, 36.34027099609375
36.12607192993164, 36.34027099609375
75.0, 70.12820434570312
65.25640869140625, 75.0
75.0, 70.12820434570312
65.25640869140625, 75.0
75.0, 70.12820434570312
65.25640869140625, 75.0
75.0, 70.12820434570312
65.25640869140625, 75.0
75.0, 70.12820434570312
65.25640869140625, 75.0
73.97435760498047, 68.33332824707031
63.71794891357422, 71.15384674072266
73.97435760498047, 68.33332824707031
63.71794891357422, 71.15384674072266
73.97435760498047, 68.33332824707031
63.71794891357422, 71.15384674072266
64.23077392578125, 67.30769348144531
68.33332824707031, 63.97435760498047
64.23077392578125, 67.30769348144531
68.33332824707031, 63.97435760498047
64.23077392578125, 67.30769348144531
65.25640869140625, 67.30769348144531
70.64102172851562, 63.20512771606445
56.28205108642578, 68.84615325927734
63.46154022216797, 73.97435760498047
75.0, 60.384613037109375
63.46154022216797, 73.97435760498047
69.35897827148438, 67.82051086425781
59.102561950683594, 75.0
62.94871520996094, 70.38461303710938
75.0, 60.384613037109375
61.92307662963867, 75.0
75.0, 71.92308044433594
57.56410217285156, 75.0
75.0, 75.0
57.56410217285156, 75.0
68.33332824707031, 75.0
75.0, 71.92308044433594
61.92307662963867, 75.0
75.0, 71.92308044433594
57.56410217285156, 75.0
75.0, 75.0
55.769229888916016, 75.0
69.35897827148438, 75.0
75.0, 75.0
60.64102554321289, 75.0
75.0, 75.0
55.769229888916016, 75.0
75.0, 75.0
55.769229888916016, 75.0
69.35897827148438, 75.0
75.0, 75.0
60.64102554321289, 75.0
75.0, 75.0
55.769229888916016, 75.0
75.0, 75.0
55.769229888916016, 75.0
69.35897827148438, 75.0
75.0, 66.53845977783203
60.64102554321289, 75.0
75.0, 75.0
60.64102554321289, 75.0
75.0, 75.0
55.769229888916016, 75.0
75.0, 75.0
55.769229888916016, 75.0
69.35897827148438, 75.0
75.0, 75.0
60.64102554321289, 75.0
75.0, 75.0
55.769229888916016, 75.0
75.0, 75.0
55.769229888916016, 75.0
60.64102554321289, 75.0
70.64102172851562, 70.12820434570312
56.28205108642578, 73.97435760498047
64.4871826171875, 75.0
70.89743041992188, 59.35897445678711
64.4871826171875, 75.0
70.89743041992188, 59.35897445678711
60.64102554321289, 75.0
70.64102172851562, 70.12820434570312
56.28205108642578, 73.97435760498047
70.64102172851562, 70.12820434570312
56.28205108642578, 73.97435760498047
64.4871826171875, 75.0
70.89743041992188, 59.35897445678711
64.4871826171875, 75.0
70.89743041992188, 59.35897445678711
60.64102554321289, 75.0
70.64102172851562, 70.12820434570312
56.28205108642578, 73.97435760498047
70.64102172851562, 70.12820434570312
56.28205108642578, 73.97435760498047
70.64102172851562, 70.12820434570312
51.92307662963867, 72.17948913574219
64.4871826171875, 75.0
70.89743041992188, 59.35897445678711
64.4871826171875, 75.0
70.89743041992188, 59.35897445678711
60.64102554321289, 75.0
70.89743041992188, 59.35897445678711
62.43589782714844, 73.46154022216797
67.05128479003906, 66.53845977783203
57.56410217285156, 72.43589782714844
67.05128479003906, 66.53845977783203
58.52490234375, 47.52873611450195
46.264366149902344, 58.333335876464844
55.99617004394531, 49.712642669677734
46.264366149902344, 58.333335876464844
55.99617004394531, 49.712642669677734
46.264366149902344, 58.333335876464844
54.34865951538086, 47.83525085449219
46.07279586791992, 56.532569885253906
51.93486785888672, 50.057472229003906
46.07279586791992, 56.532569885253906
51.93486785888672, 50.057472229003906
46.07279586791992, 56.532569885253906
51.93486785888672, 50.057472229003906
46.07279586791992, 56.532569885253906
46.99233627319336, 45.536399841308594
44.042144775390625, 49.86589813232422
46.99233627319336, 45.536399841308594
44.042144775390625, 49.86589813232422
45.2681999206543, 44.693485260009766
44.042144775390625, 49.86589813232422
44.54022979736328, 43.620689392089844
43.390804290771484, 48.601531982421875
44.846744537353516, 48.25670623779297
43.54405975341797, 40.90038299560547
44.846744537353516, 48.25670623779297
42.450496673583984, 42.10396194458008
40.71782302856445, 42.450496673583984
42.450496673583984, 42.10396194458008
40.71782302856445, 42.450496673583984
42.450496673583984, 42.10396194458008
40.71782302856445, 42.450496673583984
41.844058990478516, 42.27722930908203
42.10396194458008, 42.363861083984375
42.19059371948242, 42.27722930908203
41.58415985107422, 41.75742721557617
41.58415985107422, 41.75742721557617
41.58415985107422, 41.23762512207031
41.23762512207031, 40.97772216796875
41.23762512207031, 40.97772216796875
40.8044548034668, 40.97772216796875
40.198020935058594, 40.71782302856445
40.198020935058594, 40.71782302856445
40.198020935058594, 40.71782302856445
40.198020935058594, 40.71782302856445
36.19106674194336, 36.637718200683594
36.52605438232422, 35.52109146118164
35.744415283203125, 36.86104202270508
36.07940673828125, 35.967742919921875
35.744415283203125, 36.86104202270508
35.632755279541016, 35.8560791015625
35.744415283203125, 34.1811408996582
35.967742919921875, 35.8560791015625
34.51612854003906, 37.41935729980469
35.967742919921875, 35.8560791015625
34.51612854003906, 37.41935729980469
34.9627799987793, 36.19106674194336
35.40943145751953, 33.62282943725586
35.52109146118164, 35.18610382080078
34.73945617675781, 36.74938201904297
35.967742919921875, 34.51612854003906
34.51612854003906, 36.414390563964844
35.967742919921875, 34.51612854003906
34.51612854003906, 36.414390563964844
35.967742919921875, 34.51612854003906
35.632755279541016, 36.30272674560547
35.967742919921875, 34.51612854003906
35.18610382080078, 35.18610382080078
34.85111618041992, 37.19602966308594
35.8560791015625, 33.95781707763672
34.62779235839844, 37.866004943847656
36.19106674194336, 35.297767639160156
34.62779235839844, 37.866004943847656
36.19106674194336, 35.297767639160156
34.9627799987793, 37.866004943847656
35.40943145751953, 35.297767639160156
34.9627799987793, 37.30769348144531
35.40943145751953, 35.297767639160156
34.9627799987793, 37.41935729980469
35.40943145751953, 35.297767639160156
34.29280471801758, 37.08436584472656
35.297767639160156, 34.1811408996582
34.51612854003906, 36.19106674194336
35.40943145751953, 33.73448944091797
34.51612854003906, 36.19106674194336
35.40943145751953, 33.73448944091797
35.632755279541016, 35.52109146118164
34.9627799987793, 37.41935729980469
35.632755279541016, 35.52109146118164
34.62779235839844, 37.866004943847656
35.967742919921875, 34.29280471801758
34.62779235839844, 37.866004943847656
37.19602966308594, 34.62779235839844
35.297767639160156, 37.5310173034668
36.52605438232422, 34.9627799987793
35.297767639160156, 37.5310173034668
36.52605438232422, 34.9627799987793
35.40943145751953, 37.41935729980469
36.52605438232422, 34.9627799987793
35.40943145751953, 37.41935729980469
36.30272674560547, 34.51612854003906
36.19106674194336, 36.52605438232422
36.52605438232422, 34.51612854003906
37.41935729980469, 36.30272674560547
35.8560791015625, 38.200992584228516
37.41935729980469, 36.30272674560547
35.297767639160156, 38.200992584228516
37.5310173034668, 35.074440002441406
35.297767639160156, 38.200992584228516
37.5310173034668, 35.074440002441406
35.297767639160156, 38.200992584228516
37.30769348144531, 35.18610382080078
35.52109146118164, 38.42431640625
37.75434112548828, 36.74938201904297
36.637718200683594, 39.65260314941406
37.75434112548828, 36.74938201904297
37.08436584472656, 39.31761932373047
36.97270202636719, 36.07940673828125
37.08436584472656, 39.31761932373047
36.97270202636719, 36.07940673828125
38.200992584228516, 38.312652587890625
36.637718200683594, 35.744415283203125
38.200992584228516, 37.5310173034668
36.30272674560547, 39.429283142089844
38.200992584228516, 37.5310173034668
36.30272674560547, 39.429283142089844
37.75434112548828, 37.642677307128906
36.637718200683594, 39.65260314941406
37.75434112548828, 37.642677307128906
37.08436584472656, 39.31761932373047
37.19602966308594, 36.97270202636719
38.200992584228516, 38.312652587890625
37.19602966308594, 36.97270202636719
37.866004943847656, 36.86104202270508
36.52605438232422, 39.429283142089844
37.866004943847656, 36.86104202270508
36.52605438232422, 39.429283142089844
37.30769348144531, 36.414390563964844
36.74938201904297, 39.429283142089844
37.30769348144531, 36.414390563964844
36.74938201904297, 38.759307861328125
36.52605438232422, 35.8560791015625
37.75434112548828, 37.75434112548828
38.200992584228516, 39.09429168701172
38.42431640625, 38.089332580566406
37.30769348144531, 39.205955505371094
38.42431640625, 38.089332580566406
37.41935729980469, 39.54094314575195
37.97766876220703, 37.642677307128906
37.41935729980469, 39.54094314575195
37.5310173034668, 37.19602966308594
38.200992584228516, 38.42431640625
37.41935729980469, 37.30769348144531
38.42431640625, 38.089332580566406
37.30769348144531, 39.205955505371094
38.42431640625, 38.089332580566406
37.30769348144531, 39.205955505371094
37.97766876220703, 37.642677307128906
37.41935729980469, 39.54094314575195
37.5310173034668, 37.19602966308594
38.200992584228516, 38.42431640625
37.41935729980469, 37.30769348144531
38.42431640625, 38.089332580566406
37.30769348144531, 39.205955505371094
37.97766876220703, 37.642677307128906
37.41935729980469, 39.54094314575195
37.5310173034668, 37.19602966308594
37.19602966308594, 39.31761932373047
37.5310173034668, 37.19602966308594
38.42431640625, 38.089332580566406
37.30769348144531, 39.205955505371094
38.42431640625, 38.089332580566406
37.41935729980469, 39.54094314575195
37.97766876220703, 37.642677307128906
37.19602966308594, 39.31761932373047
37.5310173034668, 39.31761932373047
37.866004943847656, 39.429283142089844
37.866004943847656, 39.429283142089844
37.866004943847656, 39.429283142089844
41.35293960571289, 51.94117736816406
53.554622650146484, 36.2100830078125
41.907562255859375, 47.554622650146484
50.93277359008789, 36.159664154052734
41.907562255859375, 47.554622650146484
50.93277359008789, 36.159664154052734
41.907562255859375, 47.554622650146484
50.93277359008789, 36.159664154052734
41.907562255859375, 47.554622650146484
50.93277359008789, 36.159664154052734
41.60504150390625, 44.882354736328125
50.93277359008789, 36.159664154052734
41.60504150390625, 44.882354736328125
46.8991584777832, 36.10924530029297
41.60504150390625, 44.882354736328125
46.8991584777832, 36.10924530029297
41.70588302612305, 43.31932830810547
46.8991584777832, 36.10924530029297
41.70588302612305, 43.31932830810547
46.54621887207031, 36.00840377807617
41.70588302612305, 43.31932830810547
46.54621887207031, 36.00840377807617
41.70588302612305, 43.31932830810547
46.54621887207031, 36.00840377807617
41.70588302612305, 43.31932830810547
42.66386413574219, 35.907562255859375
38.93277359008789, 41.45378112792969
42.66386413574219, 35.907562255859375
41.40336227416992, 38.17647171020508
36.00840377807617, 41.302520751953125
41.907562255859375, 38.78151321411133
35.957984924316406, 42.411766052246094
41.907562255859375, 38.78151321411133
35.957984924316406, 42.411766052246094
41.907562255859375, 38.78151321411133
35.957984924316406, 42.411766052246094
46.84873962402344, 40.193275451660156
36.46218490600586, 48.2100830078125
47.957984924316406, 41.15126037597656
36.26050567626953, 49.87395095825195
47.957984924316406, 41.15126037597656
36.26050567626953, 49.87395095825195
47.957984924316406, 41.15126037597656
36.26050567626953, 49.87395095825195
48.159664154052734, 42.05882263183594
35.907562255859375, 53.85714340209961
48.159664154052734, 42.05882263183594
35.907562255859375, 53.85714340209961
41.35293960571289, 51.94117736816406
53.554622650146484, 36.2100830078125
41.35293960571289, 51.94117736816406
53.554622650146484, 36.2100830078125
41.35293960571289, 51.94117736816406
53.554622650146484, 36.2100830078125
41.35293960571289, 51.94117736816406
53.554622650146484, 36.2100830078125
37.87395095825195, 44.42857360839844
45.28571319580078, 36.00840377807617
37.87395095825195, 44.42857360839844
45.63865661621094, 36.86554718017578
36.71428680419922, 46.49579620361328
45.63865661621094, 36.86554718017578
36.71428680419922, 46.49579620361328
45.63865661621094, 36.86554718017578
36.71428680419922, 46.49579620361328
45.63865661621094, 36.86554718017578
36.71428680419922, 46.49579620361328
45.63865661621094, 36.86554718017578
36.71428680419922, 46.49579620361328
45.63865661621094, 36.86554718017578
36.71428680419922, 46.49579620361328
45.63865661621094, 36.86554718017578
36.71428680419922, 46.49579620361328
45.63865661621094, 36.86554718017578
36.71428680419922, 46.49579620361328
41.45378112792969, 38.68067169189453
35.957984924316406, 43.420166015625
41.45378112792969, 38.68067169189453
35.957984924316406, 43.420166015625
37.72269058227539, 43.21848678588867
43.92436981201172, 35.554622650146484
37.72269058227539, 43.21848678588867
43.92436981201172, 35.554622650146484
37.72269058227539, 43.21848678588867
43.92436981201172, 35.554622650146484
37.72269058227539, 43.21848678588867
43.67226791381836, 36.10924530029297
36.411766052246094, 44.579833984375
43.67226791381836, 36.10924530029297
36.411766052246094, 44.579833984375
43.67226791381836, 36.10924530029297
36.411766052246094, 44.579833984375
43.67226791381836, 36.10924530029297
36.411766052246094, 44.579833984375
39.28571319580078, 37.369747161865234
35.70588302612305, 41.0
39.28571319580078, 37.369747161865234
35.70588302612305, 41.0
35.806724548339844, 38.4789924621582
41.1008415222168, 35.302520751953125
35.806724548339844, 38.4789924621582
41.1008415222168, 35.302520751953125
35.806724548339844, 38.4789924621582
41.25210189819336, 35.50419998168945
35.35293960571289, 38.78151321411133
41.25210189819336, 35.50419998168945
35.35293960571289, 38.78151321411133
41.25210189819336, 35.50419998168945
35.35293960571289, 38.78151321411133
37.57143020629883, 36.159664154052734
35.20167922973633, 36.764705657958984
37.57143020629883, 36.159664154052734
35.20167922973633, 36.764705657958984
35.75630187988281, 37.72269058227539
41.1008415222168, 35.302520751953125
35.75630187988281, 37.72269058227539
41.25210189819336, 35.50419998168945
35.302520751953125, 37.5210075378418
41.25210189819336, 35.50419998168945
35.302520751953125, 37.5210075378418
41.25210189819336, 35.50419998168945
35.35293960571289, 38.78151321411133
37.57143020629883, 36.159664154052734
35.20167922973633, 36.764705657958984
35.75630187988281, 37.72269058227539
41.1008415222168, 35.302520751953125
35.75630187988281, 37.72269058227539
41.25210189819336, 35.50419998168945
35.302520751953125, 37.5210075378418
41.25210189819336, 35.50419998168945
35.302520751953125, 37.5210075378418
37.57143020629883, 36.159664154052734
35.20167922973633, 35.85714340209961
35.75630187988281, 37.72269058227539
41.1008415222168, 35.302520751953125
35.75630187988281, 37.72269058227539
41.25210189819336, 35.50419998168945
35.302520751953125, 37.5210075378418
41.25210189819336, 35.50419998168945
35.302520751953125, 37.5210075378418
37.57143020629883, 36.159664154052734
35.20167922973633, 35.85714340209961
35.75630187988281, 37.72269058227539
41.1008415222168, 35.302520751953125
35.75630187988281, 37.72269058227539
41.25210189819336, 35.50419998168945
35.302520751953125, 37.5210075378418
41.25210189819336, 35.50419998168945
35.302520751953125, 37.5210075378418
37.57143020629883, 36.159664154052734
35.050418853759766, 35.40336227416992
35.302520751953125, 36.10924530029297
37.26890563964844, 35.15126037597656
35.1008415222168, 35.957984924316406
37.26890563964844, 35.25210189819336
35.1008415222168, 35.957984924316406
35.957984924316406, 35.60504150390625
35.050418853759766, 35.40336227416992
35.302520751953125, 36.10924530029297
37.26890563964844, 35.15126037597656
35.1008415222168, 35.957984924316406
37.26890563964844, 35.25210189819336
35.1008415222168, 35.957984924316406
35.957984924316406, 35.60504150390625
35.050418853759766, 35.40336227416992
35.302520751953125, 36.10924530029297
37.26890563964844, 35.15126037597656
35.1008415222168, 35.957984924316406
37.26890563964844, 35.25210189819336
35.1008415222168, 35.957984924316406
35.957984924316406, 35.60504150390625
35.050418853759766, 35.40336227416992
35.302520751953125, 36.10924530029297
37.26890563964844, 35.25210189819336
35.1008415222168, 35.957984924316406
37.26890563964844, 35.25210189819336
35.050418853759766, 35.40336227416992
35.302520751953125, 36.10924530029297
37.26890563964844, 35.15126037597656
35.1008415222168, 35.957984924316406
37.26890563964844, 35.25210189819336
35.1008415222168, 35.957984924316406
35.957984924316406, 35.60504150390625
35.050418853759766, 35.40336227416992
35.302520751953125, 36.10924530029297
37.26890563964844, 35.25210189819336
35.1008415222168, 35.957984924316406
35.957984924316406, 35.60504150390625
32.58591079711914, 32.40549850463867
32.2250862121582, 32.044673919677734
32.40549850463867, 32.10481262207031
32.58591079711914, 32.58591079711914
33.006874084472656, 32.94673538208008
33.006874084472656, 32.94673538208008
33.006874084472656, 32.94673538208008
33.006874084472656, 33.12714767456055
70.0, 51.18110275268555
70.0, 70.0
70.0, 70.0
55.11811065673828, 69.05511474609375
70.0, 70.0
55.19684982299805, 69.37007904052734
70.0, 70.0
53.14960479736328, 64.09449005126953
69.37007904052734, 70.0
70.0, 70.0
69.37007904052734, 70.0
70.0, 70.0
57.55905532836914, 66.29920959472656
64.0, 70.0
67.0, 70.0
70.0, 70.0
67.0, 70.0
70.0, 70.0
68.0, 70.0
70.0, 70.0
68.0, 70.0
70.0, 70.0
68.0, 70.0
70.0, 70.0
68.0, 70.0
70.0, 70.0
70.0, 70.0
70.0, 70.0
67.0, 70.0
70.0, 70.0
68.0, 70.0
70.0, 70.0
68.0, 70.0
70.0, 70.0
69.0, 70.0
70.0, 70.0
69.0, 70.0
70.0, 70.0
69.0, 70.0
70.0, 70.0
70.0, 70.0
67.0, 70.0
70.0, 70.0
67.0, 70.0
70.0, 70.0
68.0, 70.0
70.0, 70.0
68.0, 70.0
70.0, 70.0
69.0, 70.0
70.0, 70.0
70.0, 70.0
66.0, 70.0
70.0, 70.0
66.0, 70.0
70.0, 70.0
67.0, 70.0
70.0, 70.0
69.0, 70.0
70.0, 70.0
70.0, 70.0
70.0, 70.0
67.0, 70.0
70.0, 70.0
69.0, 70.0
70.0, 70.0
34.76595687866211, 34.95744705200195
34.191490173339844, 33.93617248535156
34.76595687866211, 34.95744705200195
34.191490173339844, 33.93617248535156
34.76595687866211, 34.95744705200195
34.191490173339844, 33.93617248535156
34.574466705322266, 34.38298034667969
34.06382751464844, 34.25531768798828
34.76595687866211, 34.95744705200195
34.191490173339844, 33.93617248535156
34.76595687866211, 34.95744705200195
34.191490173339844, 33.93617248535156
34.702125549316406, 34.63829803466797
34.06382751464844, 34.51063919067383
34.702125549316406, 34.63829803466797
34.191490173339844, 34.51063919067383
33.93617248535156, 34.702125549316406
34.12765884399414, 33.425533294677734
33.93617248535156, 34.702125549316406
34.12765884399414, 33.425533294677734
34.06382751464844, 34.25531768798828
34.06382751464844, 33.297874450683594
33.93617248535156, 33.87234115600586
33.36170196533203, 34.319149017333984
33.93617248535156, 33.87234115600586
33.36170196533203, 34.319149017333984
33.61701965332031, 33.680850982666016
33.36170196533203, 33.36170196533203
33.23404312133789, 34.0
32.787235260009766, 32.914894104003906
34.06382751464844, 33.87234115600586
32.40425491333008, 32.914894104003906
33.87234115600586, 33.680850982666016
33.10638427734375, 33.87234115600586
33.87234115600586, 33.680850982666016
33.23404312133789, 33.87234115600586
33.553192138671875, 33.808509826660156
33.61701965332031, 33.61701965332031
33.680850982666016, 33.680850982666016
33.17021179199219, 33.74468231201172
33.23404312133789, 33.553192138671875
33.425533294677734, 33.23404312133789
33.23404312133789, 33.553192138671875
33.425533294677734, 33.23404312133789
33.23404312133789, 33.553192138671875
33.48936080932617, 33.10638427734375
33.680850982666016, 32.659576416015625
32.787235260009766, 33.680850982666016
33.17021179199219, 32.59574508666992
32.212764739990234, 33.48936080932617
33.17021179199219, 32.59574508666992
32.212764739990234, 33.48936080932617
33.04255294799805, 32.8510627746582
32.212764739990234, 33.48936080932617
33.04255294799805, 32.8510627746582
31.63829803466797, 33.36170196533203
32.914894104003906, 33.23404312133789
33.93617248535156, 32.8510627746582
32.8510627746582, 33.425533294677734
33.553192138671875, 32.72340393066406
32.8510627746582, 33.425533294677734
33.553192138671875, 32.72340393066406
32.8510627746582, 33.425533294677734
33.553192138671875, 32.72340393066406
32.1489372253418, 33.04255294799805
33.10638427734375, 32.787235260009766
32.1489372253418, 33.04255294799805
33.17021179199219, 33.10638427734375
32.1489372253418, 33.04255294799805
33.04255294799805, 32.53191375732422
31.70212745666504, 32.659576416015625
32.8510627746582, 32.46808624267578
31.70212745666504, 32.659576416015625
32.59574508666992, 32.659576416015625
32.59574508666992, 31.893617630004883
32.59574508666992, 32.659576416015625
32.46808624267578, 31.76595687866211
32.46808624267578, 32.72340393066406
32.46808624267578, 31.76595687866211
32.46808624267578, 32.72340393066406
32.1489372253418, 32.085105895996094
31.957447052001953, 32.46808624267578
32.1489372253418, 32.085105895996094
31.957447052001953, 32.46808624267578
32.212764739990234, 31.957447052001953
31.510639190673828, 32.085105895996094
32.212764739990234, 31.957447052001953
31.0, 31.829788208007812
32.59574508666992, 32.659576416015625
32.46808624267578, 31.76595687866211
32.46808624267578, 32.72340393066406
32.46808624267578, 31.76595687866211
31.957447052001953, 32.46808624267578
32.1489372253418, 32.085105895996094
31.957447052001953, 32.46808624267578
32.212764739990234, 31.957447052001953
31.510639190673828, 32.085105895996094
32.212764739990234, 31.957447052001953
31.0, 31.829788208007812
30.617021560668945, 31.70212745666504
31.191490173339844, 31.70212745666504
31.76595687866211, 31.70212745666504
31.12765884399414, 31.446807861328125
31.70212745666504, 30.87234115600586
31.319149017333984, 31.382978439331055
31.382978439331055, 30.93617057800293
31.382978439331055, 31.382978439331055
30.617021560668945, 31.191490173339844
31.191490173339844, 31.829788208007812
31.446807861328125, 31.12765884399414
31.191490173339844, 31.76595687866211
31.319149017333984, 31.191490173339844
31.191490173339844, 31.76595687866211
31.12765884399414, 31.446807861328125
31.70212745666504, 30.87234115600586
31.319149017333984, 31.382978439331055
31.382978439331055, 30.93617057800293
31.382978439331055, 31.382978439331055
30.617021560668945, 31.191490173339844
31.191490173339844, 31.829788208007812
31.446807861328125, 31.12765884399414
31.191490173339844, 31.76595687866211
31.319149017333984, 31.191490173339844
31.191490173339844, 31.76595687866211
31.319149017333984, 31.191490173339844
30.93617057800293, 31.446807861328125
31.12765884399414, 31.446807861328125
31.70212745666504, 30.87234115600586
31.319149017333984, 31.382978439331055
31.382978439331055, 30.93617057800293
31.382978439331055, 31.382978439331055
30.617021560668945, 31.191490173339844
30.680850982666016, 30.553192138671875
29.787233352661133, 30.106382369995117
30.680850982666016, 30.553192138671875
29.787233352661133, 30.106382369995117
30.680850982666016, 30.489360809326172
29.787233352661133, 30.106382369995117
30.553192138671875, 30.23404312133789
29.085105895996094, 29.851062774658203
29.723403930664062, 29.978723526000977
30.042552947998047, 30.29787254333496
30.170211791992188, 30.489360809326172
30.553192138671875, 30.29787254333496
29.914894104003906, 30.617021560668945
31.0, 30.170211791992188
30.553192138671875, 30.553192138671875
30.553192138671875, 30.23404312133789
29.787233352661133, 30.106382369995117
29.723403930664062, 29.978723526000977
30.170211791992188, 30.4255313873291
30.170211791992188, 30.489360809326172
30.553192138671875, 30.29787254333496
30.808509826660156, 30.36170196533203
30.680850982666016, 30.489360809326172
34.586029052734375, 39.353172302246094
42.483829498291016, 25.12289810180664
34.586029052734375, 39.353172302246094
42.483829498291016, 25.12289810180664
34.586029052734375, 39.353172302246094
42.483829498291016, 25.12289810180664
33.51875686645508, 36.57826614379883
41.487709045410156, 26.75937843322754
33.51875686645508, 36.57826614379883
41.487709045410156, 26.75937843322754
32.80724334716797, 35.297542572021484
41.487709045410156, 26.75937843322754
32.80724334716797, 35.297542572021484
39.4954719543457, 26.332469940185547
32.80724334716797, 35.297542572021484
39.4954719543457, 26.332469940185547
32.45148849487305, 34.37257385253906
37.787841796875, 25.478654861450195
32.45148849487305, 34.37257385253906
36.43596649169922, 23.842172622680664
32.45148849487305, 34.37257385253906
36.43596649169922, 23.842172622680664
29.81888771057129, 32.73609161376953
34.4437255859375, 23.842172622680664
29.81888771057129, 32.73609161376953
33.163002014160156, 23.27296257019043
29.81888771057129, 32.73609161376953
33.163002014160156, 23.27296257019043
29.81888771057129, 32.73609161376953
33.163002014160156, 23.27296257019043
33.66106033325195, 30.174644470214844
24.41138458251953, 36.7205696105957
33.66106033325195, 30.174644470214844
24.41138458251953, 36.7205696105957
33.66106033325195, 30.174644470214844
24.41138458251953, 36.7205696105957
35.58214569091797, 27.613195419311523
24.41138458251953, 36.7205696105957
36.15135955810547, 28.253557205200195
24.269081115722656, 38.64165496826172
36.15135955810547, 28.253557205200195
24.269081115722656, 38.64165496826172
36.93402099609375, 28.822769165039062
24.269081115722656, 39.21086883544922
37.28977966308594, 28.965070724487305
24.269081115722656, 39.21086883544922
37.28977966308594, 28.965070724487305
24.909442901611328, 39.63777542114258
43.12419128417969, 31.526519775390625
26.403621673583984, 43.26649475097656
43.12419128417969, 31.526519775390625
26.403621673583984, 43.26649475097656
43.12419128417969, 31.526519775390625
26.403621673583984, 43.26649475097656
39.56662368774414, 35.36869430541992
26.403621673583984, 43.26649475097656
39.56662368774414, 35.36869430541992
26.403621673583984, 43.26649475097656
37.645538330078125, 36.222511291503906
24.340232849121094, 38.14359664916992
33.589908599853516, 40.27813720703125
42.483829498291016, 25.83441162109375
33.589908599853516, 40.27813720703125
42.483829498291016, 25.83441162109375
33.589908599853516, 40.27813720703125
44.618370056152344, 29.178524017333984
30.45924949645996, 42.55498123168945
44.618370056152344, 29.178524017333984
29.036222457885742, 41.843467712402344
41.91461944580078, 28.111255645751953
29.036222457885742, 41.843467712402344
41.91461944580078, 28.111255645751953
29.036222457885742, 41.843467712402344
41.91461944580078, 28.111255645751953
29.036222457885742, 41.843467712402344
41.131954193115234, 32.949546813964844
29.036222457885742, 41.843467712402344
41.131954193115234, 32.949546813964844
25.478654861450195, 41.70116424560547
41.131954193115234, 32.949546813964844
25.478654861450195, 41.70116424560547
41.131954193115234, 32.949546813964844
25.478654861450195, 41.70116424560547
36.57826614379883, 36.93402099609375
39.068565368652344, 25.905563354492188
36.57826614379883, 36.93402099609375
39.068565368652344, 25.905563354492188
32.09572982788086, 39.78007507324219
39.068565368652344, 25.905563354492188
32.30918502807617, 36.57826614379883
37.93014144897461, 24.838293075561523
33.02069854736328, 38.499351501464844
39.424320220947266, 27.542043685913086
29.60543441772461, 40.705047607421875
39.424320220947266, 27.542043685913086
27.968952178955078, 36.79172134399414
36.649417877197266, 27.18628692626953
27.968952178955078, 36.79172134399414
36.649417877197266, 27.18628692626953
27.968952178955078, 36.79172134399414
36.649417877197266, 27.18628692626953
27.968952178955078, 36.79172134399414
36.649417877197266, 27.18628692626953
27.968952178955078, 36.79172134399414
36.08020782470703, 29.534282684326172
27.968952178955078, 36.79172134399414
36.08020782470703, 29.534282684326172
25.549806594848633, 35.86675262451172
36.08020782470703, 29.534282684326172
25.549806594848633, 35.86675262451172
37.43208312988281, 31.811126708984375
25.549806594848633, 35.86675262451172
37.43208312988281, 31.811126708984375
24.980594635009766, 37.2186279296875
33.51875686645508, 35.36869430541992
37.360931396484375, 26.261320114135742
33.51875686645508, 35.36869430541992
37.360931396484375, 26.261320114135742
29.10737419128418, 34.37257385253906
35.86675262451172, 25.051746368408203
29.10737419128418, 34.37257385253906
35.86675262451172, 25.051746368408203
29.10737419128418, 34.37257385253906
36.649417877197266, 27.18628692626953
29.10737419128418, 34.37257385253906
36.649417877197266, 27.18628692626953
26.474773406982422, 35.653297424316406
36.649417877197266, 27.18628692626953
26.474773406982422, 35.653297424316406
36.649417877197266, 27.18628692626953
26.474773406982422, 35.653297424316406
36.649417877197266, 27.18628692626953
26.474773406982422, 35.653297424316406
36.649417877197266, 27.18628692626953
25.549806594848633, 33.163002014160156
32.45148849487305, 26.190168380737305
25.549806594848633, 33.163002014160156
32.45148849487305, 26.190168380737305
25.549806594848633, 33.163002014160156
32.45148849487305, 26.190168380737305
25.976715087890625, 32.664939880371094
32.45148849487305, 26.190168380737305
25.976715087890625, 32.664939880371094
32.45148849487305, 26.190168380737305
25.976715087890625, 32.664939880371094
32.664939880371094, 27.826648712158203
25.976715087890625, 32.664939880371094
32.664939880371094, 27.826648712158203
24.41138458251953, 30.95730972290039
32.664939880371094, 27.826648712158203
24.41138458251953, 30.95730972290039
32.664939880371094, 27.826648712158203
24.41138458251953, 30.95730972290039
32.664939880371094, 27.826648712158203
24.41138458251953, 30.95730972290039
34.08796691894531, 29.74773597717285
24.41138458251953, 30.95730972290039
31.313064575195312, 32.73609161376953
32.878395080566406, 25.407503128051758
30.67270278930664, 30.03234100341797
23.27296257019043, 28.111255645751953
28.18240737915039, 35.58214569091797
32.878395080566406, 25.407503128051758
28.18240737915039, 35.58214569091797
32.878395080566406, 25.407503128051758
27.826648712158203, 31.953428268432617
30.886157989501953, 25.692108154296875
27.826648712158203, 31.953428268432617
30.886157989501953, 25.692108154296875
25.549806594848633, 33.163002014160156
30.886157989501953, 25.692108154296875
25.549806594848633, 33.163002014160156
30.886157989501953, 25.692108154296875
25.549806594848633, 33.163002014160156
30.886157989501953, 25.692108154296875
25.549806594848633, 33.163002014160156
30.886157989501953, 25.692108154296875
25.549806594848633, 33.163002014160156
30.886157989501953, 25.692108154296875
25.549806594848633, 33.163002014160156
30.743854522705078, 27.043983459472656
25.549806594848633, 33.163002014160156
30.743854522705078, 27.043983459472656
23.98447608947754, 31.313064575195312
30.743854522705078, 27.043983459472656
23.98447608947754, 31.313064575195312
33.02069854736328, 29.178524017333984
23.699871063232422, 34.15911865234375
33.02069854736328, 29.178524017333984
23.699871063232422, 34.15911865234375
30.24579620361328, 32.1668815612793
32.878395080566406, 25.407503128051758
30.24579620361328, 32.1668815612793
32.878395080566406, 25.407503128051758
27.328590393066406, 34.72833251953125
32.878395080566406, 25.407503128051758
26.617076873779297, 30.815006256103516
30.886157989501953, 25.692108154296875
26.617076873779297, 30.815006256103516
30.886157989501953, 25.692108154296875
24.553688049316406, 31.88227653503418
30.886157989501953, 25.692108154296875
24.553688049316406, 31.88227653503418
26.97283363342285, 22.988357543945312
22.703750610351562, 27.115135192871094
26.97283363342285, 22.988357543945312
22.703750610351562, 27.115135192871094
26.97283363342285, 22.988357543945312
22.703750610351562, 27.115135192871094
26.97283363342285, 22.988357543945312
22.703750610351562, 27.115135192871094
26.54592514038086, 23.98447608947754
22.703750610351562, 27.115135192871094
26.54592514038086, 23.98447608947754
22.06338882446289, 26.261320114135742
26.54592514038086, 23.98447608947754
22.06338882446289, 26.261320114135742
27.89780044555664, 25.478654861450195
22.06338882446289, 26.261320114135742
27.89780044555664, 25.478654861450195
21.992237091064453, 27.68434715270996
26.474773406982422, 27.328590393066406
28.18240737915039, 23.130659103393555
26.474773406982422, 27.328590393066406
28.18240737915039, 23.130659103393555
24.269081115722656, 26.617076873779297
26.97283363342285, 22.419145584106445
24.269081115722656, 26.617076873779297
26.97283363342285, 22.419145584106445
24.269081115722656, 26.617076873779297
26.97283363342285, 22.988357543945312
24.269081115722656, 26.617076873779297
26.97283363342285, 22.988357543945312
22.703750610351562, 27.115135192871094
26.97283363342285, 22.988357543945312
22.703750610351562, 27.115135192871094
26.97283363342285, 22.988357543945312
22.703750610351562, 27.115135192871094
26.97283363342285, 22.988357543945312
22.703750610351562, 27.115135192871094
26.97283363342285, 22.988357543945312
22.703750610351562, 27.115135192871094
26.97283363342285, 22.988357543945312
22.703750610351562, 27.115135192871094
26.97283363342285, 22.988357543945312
22.703750610351562, 27.115135192871094
26.97283363342285, 22.988357543945312
22.703750610351562, 27.115135192871094
26.97283363342285, 22.988357543945312
22.703750610351562, 27.115135192871094
26.54592514038086, 23.98447608947754
22.703750610351562, 27.115135192871094
26.54592514038086, 23.98447608947754
22.703750610351562, 27.115135192871094
26.54592514038086, 23.98447608947754
22.06338882446289, 26.261320114135742
26.54592514038086, 23.98447608947754
22.06338882446289, 26.261320114135742
26.54592514038086, 23.98447608947754
44.199745178222656, 44.83995056152344
49.321380615234375, 29.98719596862793
44.199745178222656, 44.83995056152344
49.321380615234375, 29.98719596862793
39.01408386230469, 48.10499572753906
49.321380615234375, 29.98719596862793
39.01408386230469, 48.10499572753906
49.321380615234375, 29.98719596862793
39.526248931884766, 44.967987060546875
47.84891128540039, 28.834827423095703
39.59027099609375, 44.71190643310547
47.144683837890625, 29.603073120117188
39.39820861816406, 42.15108871459961
47.144683837890625, 29.603073120117188
39.39820861816406, 42.15108871459961
45.67221450805664, 28.578744888305664
39.39820861816406, 42.15108871459961
45.67221450805664, 28.578744888305664
38.95006561279297, 40.23047637939453
45.67221450805664, 28.578744888305664
38.95006561279297, 40.23047637939453
44.391807556152344, 28.002559661865234
38.95006561279297, 40.23047637939453
44.391807556152344, 28.002559661865234
43.36747741699219, 37.41357421875
30.94750213623047, 41.83098602294922
43.36747741699219, 37.41357421875
30.94750213623047, 41.83098602294922
43.94366455078125, 38.886043548583984
30.691421508789062, 43.431495666503906
44.263763427734375, 41.446861267089844
30.56338119506836, 45.35211181640625
44.45582580566406, 44.583866119384766
48.681175231933594, 30.88348388671875
44.45582580566406, 44.583866119384766
48.681175231933594, 30.88348388671875
44.263763427734375, 41.446861267089844
30.56338119506836, 45.35211181640625
44.45582580566406, 44.583866119384766
48.681175231933594, 30.88348388671875
39.270164489746094, 47.976951599121094
48.681175231933594, 30.88348388671875
39.59027099609375, 44.71190643310547
48.681175231933594, 30.88348388671875
39.59027099609375, 44.71190643310547
47.144683837890625, 29.603073120117188
39.59027099609375, 44.71190643310547
47.144683837890625, 29.603073120117188
39.39820861816406, 42.15108871459961
45.67221450805664, 28.578744888305664
39.39820861816406, 42.15108871459961
45.67221450805664, 28.578744888305664
39.39820861816406, 42.15108871459961
45.67221450805664, 28.578744888305664
38.95006561279297, 40.23047637939453
44.391807556152344, 28.002559661865234
43.36747741699219, 37.41357421875
30.94750213623047, 41.83098602294922
43.94366455078125, 38.886043548583984
30.691421508789062, 43.431495666503906
44.263763427734375, 41.446861267089844
30.56338119506836, 45.35211181640625
44.45582580566406, 44.583866119384766
48.681175231933594, 30.88348388671875
44.263763427734375, 41.446861267089844
30.115238189697266, 46.69654083251953
44.45582580566406, 44.583866119384766
48.681175231933594, 30.88348388671875
39.270164489746094, 47.976951599121094
48.681175231933594, 30.88348388671875
39.270164489746094, 47.976951599121094
48.681175231933594, 30.88348388671875
35.87708282470703, 40.99871826171875
44.83995056152344, 30.115238189697266
35.87708282470703, 40.99871826171875
43.11139678955078, 28.77080535888672
35.87708282470703, 40.99871826171875
43.11139678955078, 28.77080535888672
35.74903869628906, 38.30986022949219
41.51088333129883, 27.618438720703125
35.74903869628906, 38.30986022949219
41.51088333129883, 27.618438720703125
35.74903869628906, 38.30986022949219
41.51088333129883, 27.618438720703125
35.42893600463867, 36.90140914916992
41.51088333129883, 27.618438720703125
35.42893600463867, 36.90140914916992
40.35851287841797, 26.978233337402344
39.01408386230469, 34.59667205810547
29.34699058532715, 37.79769515991211
39.46222686767578, 35.74903869628906
29.02688980102539, 38.886043548583984
39.910369873046875, 38.30986022949219
28.898847579956055, 40.80665588378906
40.35851287841797, 41.254798889160156
44.83995056152344, 30.115238189697266
39.910369873046875, 38.30986022949219
28.898847579956055, 40.80665588378906
40.35851287841797, 41.254798889160156
44.83995056152344, 30.115238189697266
35.81306076049805, 44.07170104980469
44.83995056152344, 30.115238189697266
35.81306076049805, 44.07170104980469
44.83995056152344, 30.115238189697266
35.87708282470703, 40.99871826171875
43.11139678955078, 28.77080535888672
35.87708282470703, 40.99871826171875
43.11139678955078, 28.77080535888672
35.74903869628906, 38.30986022949219
43.11139678955078, 28.77080535888672
35.74903869628906, 38.30986022949219
41.51088333129883, 27.618438720703125
35.74903869628906, 38.30986022949219
41.51088333129883, 27.618438720703125
35.42893600463867, 36.90140914916992
40.35851287841797, 26.978233337402344
35.42893600463867, 36.90140914916992
40.35851287841797, 26.978233337402344
39.01408386230469, 34.59667205810547
29.34699058532715, 37.79769515991211
39.46222686767578, 35.74903869628906
29.02688980102539, 38.886043548583984
39.46222686767578, 35.74903869628906
28.898847579956055, 40.80665588378906
40.35851287841797, 41.254798889160156
44.83995056152344, 30.115238189697266
39.910369873046875, 38.30986022949219
28.898847579956055, 40.80665588378906
40.35851287841797, 41.254798889160156
44.83995056152344, 30.115238189697266
40.35851287841797, 41.254798889160156
44.83995056152344, 30.115238189697266
39.910369873046875, 38.30986022949219
28.898847579956055, 40.80665588378906
40.35851287841797, 41.254798889160156
44.83995056152344, 30.115238189697266
35.81306076049805, 44.07170104980469
44.83995056152344, 30.115238189697266
35.87708282470703, 40.99871826171875
43.11139678955078, 28.77080535888672
35.87708282470703, 40.99871826171875
43.11139678955078, 28.77080535888672
35.74903869628906, 38.30986022949219
43.11139678955078, 28.77080535888672
35.74903869628906, 38.30986022949219
41.51088333129883, 27.618438720703125
35.74903869628906, 38.30986022949219
41.51088333129883, 27.618438720703125
35.42893600463867, 36.90140914916992
41.51088333129883, 27.618438720703125
39.01408386230469, 34.59667205810547
29.34699058532715, 37.79769515991211
39.46222686767578, 35.74903869628906
29.02688980102539, 38.886043548583984
39.910369873046875, 38.30986022949219
28.898847579956055, 40.80665588378906
40.35851287841797, 41.254798889160156
44.83995056152344, 30.115238189697266
40.35851287841797, 41.254798889160156
44.83995056152344, 30.115238189697266
35.87708282470703, 40.99871826171875
44.83995056152344, 30.115238189697266
35.87708282470703, 40.99871826171875
43.11139678955078, 28.77080535888672
35.74903869628906, 38.30986022949219
43.11139678955078, 28.77080535888672
35.74903869628906, 38.30986022949219
41.51088333129883, 27.618438720703125
35.74903869628906, 38.30986022949219
41.51088333129883, 27.618438720703125
35.42893600463867, 36.90140914916992
40.35851287841797, 26.978233337402344
39.01408386230469, 34.59667205810547
29.34699058532715, 37.79769515991211
39.46222686767578, 35.74903869628906
29.02688980102539, 38.886043548583984
39.910369873046875, 38.30986022949219
28.898847579956055, 40.80665588378906
40.35851287841797, 41.254798889160156
44.83995056152344, 30.115238189697266
40.35851287841797, 41.254798889160156
44.83995056152344, 30.115238189697266
39.910369873046875, 38.30986022949219
28.898847579956055, 40.80665588378906
35.81306076049805, 44.07170104980469
44.83995056152344, 30.115238189697266
35.81306076049805, 44.07170104980469
44.83995056152344, 30.115238189697266
35.81306076049805, 44.07170104980469
44.83995056152344, 30.115238189697266
35.87708282470703, 40.99871826171875
43.11139678955078, 28.77080535888672
35.87708282470703, 40.99871826171875
43.11139678955078, 28.77080535888672
35.74903869628906, 38.30986022949219
43.11139678955078, 28.77080535888672
35.74903869628906, 38.30986022949219
41.51088333129883, 27.618438720703125
35.74903869628906, 38.30986022949219
41.51088333129883, 27.618438720703125
35.74903869628906, 38.30986022949219
41.51088333129883, 27.618438720703125
35.42893600463867, 36.90140914916992
40.35851287841797, 26.978233337402344
35.42893600463867, 36.90140914916992
40.35851287841797, 26.978233337402344
39.01408386230469, 34.59667205810547
29.34699058532715, 37.79769515991211
39.46222686767578, 35.74903869628906
29.02688980102539, 38.886043548583984
39.910369873046875, 38.30986022949219
28.898847579956055, 40.80665588378906
40.35851287841797, 41.254798889160156
44.83995056152344, 30.115238189697266
39.910369873046875, 38.30986022949219
28.898847579956055, 40.80665588378906
40.35851287841797, 41.254798889160156
44.83995056152344, 30.115238189697266
40.35851287841797, 41.254798889160156
44.83995056152344, 30.115238189697266
35.87708282470703, 40.99871826171875
44.83995056152344, 30.115238189697266
35.87708282470703, 40.99871826171875
43.11139678955078, 28.77080535888672
35.74903869628906, 38.30986022949219
43.11139678955078, 28.77080535888672
35.74903869628906, 38.30986022949219
41.51088333129883, 27.618438720703125
35.74903869628906, 38.30986022949219
41.51088333129883, 27.618438720703125
32.355953216552734, 33.6363639831543
36.51728820800781, 26.402048110961914
34.91677474975586, 32.09987258911133
27.81049919128418, 34.148529052734375
35.23687744140625, 33.1882209777832
27.618438720703125, 35.10883331298828
35.556976318359375, 34.852752685546875
27.55441665649414, 36.00511932373047
40.35851287841797, 41.254798889160156
44.83995056152344, 30.115238189697266
36.06914138793945, 37.22151184082031
40.550575256347656, 29.09090805053711
35.556976318359375, 34.852752685546875
27.55441665649414, 36.00511932373047
36.06914138793945, 37.22151184082031
40.550575256347656, 29.09090805053711
32.676055908203125, 39.206146240234375
40.550575256347656, 29.09090805053711
32.612037658691406, 36.77336883544922
40.550575256347656, 29.09090805053711
32.612037658691406, 36.77336883544922
38.95006561279297, 27.938541412353516
32.612037658691406, 36.77336883544922
38.95006561279297, 27.938541412353516
32.54801559448242, 34.98079299926758
37.54161071777344, 27.042253494262695
32.54801559448242, 34.98079299926758
37.54161071777344, 27.042253494262695
32.54801559448242, 34.98079299926758
37.54161071777344, 27.042253494262695
32.355953216552734, 33.6363639831543
36.51728820800781, 26.402048110961914
34.91677474975586, 32.09987258911133
27.81049919128418, 34.148529052734375
35.23687744140625, 33.1882209777832
27.618438720703125, 35.10883331298828
35.556976318359375, 34.852752685546875
27.55441665649414, 36.00511932373047
36.06914138793945, 37.22151184082031
40.550575256347656, 29.09090805053711
36.06914138793945, 37.22151184082031
40.550575256347656, 29.09090805053711
35.556976318359375, 34.852752685546875
27.55441665649414, 36.00511932373047
32.676055908203125, 39.206146240234375
40.550575256347656, 29.09090805053711
32.676055908203125, 39.206146240234375
40.550575256347656, 29.09090805053711
32.612037658691406, 36.77336883544922
40.550575256347656, 29.09090805053711
32.612037658691406, 36.77336883544922
38.95006561279297, 27.938541412353516
32.612037658691406, 36.77336883544922
38.95006561279297, 27.938541412353516
32.54801559448242, 34.98079299926758
38.95006561279297, 27.938541412353516
32.54801559448242, 34.98079299926758
37.54161071777344, 27.042253494262695
32.54801559448242, 34.98079299926758
37.54161071777344, 27.042253494262695
32.355953216552734, 33.6363639831543
37.54161071777344, 27.042253494262695
32.355953216552734, 33.6363639831543
36.51728820800781, 26.402048110961914
32.355953216552734, 33.6363639831543
36.51728820800781, 26.402048110961914
34.91677474975586, 32.09987258911133
27.81049919128418, 34.148529052734375
34.91677474975586, 32.09987258911133
27.81049919128418, 34.148529052734375
35.23687744140625, 33.1882209777832
27.618438720703125, 35.10883331298828
35.556976318359375, 34.852752685546875
27.55441665649414, 36.00511932373047
36.06914138793945, 37.22151184082031
40.550575256347656, 29.09090805053711
36.06914138793945, 37.22151184082031
40.550575256347656, 29.09090805053711
35.556976318359375, 34.852752685546875
27.55441665649414, 36.00511932373047
36.06914138793945, 37.22151184082031
40.550575256347656, 29.09090805053711
36.06914138793945, 37.22151184082031
40.550575256347656, 29.09090805053711
32.612037658691406, 36.77336883544922
40.550575256347656, 29.09090805053711
32.612037658691406, 36.77336883544922
38.95006561279297, 27.938541412353516
32.54801559448242, 34.98079299926758
38.95006561279297, 27.938541412353516
32.54801559448242, 34.98079299926758
37.54161071777344, 27.042253494262695
32.54801559448242, 34.98079299926758
37.54161071777344, 27.042253494262695
34.91677474975586, 32.09987258911133
27.81049919128418, 34.148529052734375
35.23687744140625, 33.1882209777832
27.618438720703125, 35.10883331298828
35.556976318359375, 34.852752685546875
27.298336029052734, 36.58130645751953
36.06914138793945, 37.22151184082031
40.550575256347656, 29.09090805053711
32.676055908203125, 39.206146240234375
40.550575256347656, 29.09090805053711
32.676055908203125, 39.206146240234375
40.550575256347656, 29.09090805053711
32.612037658691406, 36.77336883544922
40.550575256347656, 29.09090805053711
32.612037658691406, 36.77336883544922
38.95006561279297, 27.938541412353516
32.612037658691406, 36.77336883544922
38.95006561279297, 27.938541412353516
32.54801559448242, 34.98079299926758
37.54161071777344, 27.042253494262695
32.54801559448242, 34.98079299926758
37.54161071777344, 27.042253494262695
32.54801559448242, 34.98079299926758
37.54161071777344, 27.042253494262695
32.355953216552734, 33.6363639831543
36.51728820800781, 26.402048110961914
32.355953216552734, 33.6363639831543
36.51728820800781, 26.402048110961914
34.91677474975586, 32.09987258911133
27.81049919128418, 34.148529052734375
35.23687744140625, 33.1882209777832
27.618438720703125, 35.10883331298828
35.556976318359375, 34.852752685546875
27.55441665649414, 36.00511932373047
36.06914138793945, 37.22151184082031
40.550575256347656, 29.09090805053711
35.556976318359375, 34.852752685546875
27.55441665649414, 36.00511932373047
36.06914138793945, 37.22151184082031
40.550575256347656, 29.09090805053711
36.06914138793945, 37.22151184082031
40.550575256347656, 29.09090805053711
32.612037658691406, 36.77336883544922
40.550575256347656, 29.09090805053711
32.612037658691406, 36.77336883544922
38.95006561279297, 27.938541412353516
32.54801559448242, 34.98079299926758
38.95006561279297, 27.938541412353516
32.54801559448242, 34.98079299926758
37.54161071777344, 27.042253494262695
32.54801559448242, 34.98079299926758
37.54161071777344, 27.042253494262695
34.91677474975586, 32.09987258911133
27.81049919128418, 34.148529052734375
35.23687744140625, 33.1882209777832
27.618438720703125, 35.10883331298828
35.556976318359375, 34.852752685546875
27.298336029052734, 36.58130645751953
36.06914138793945, 37.22151184082031
40.550575256347656, 29.09090805053711
32.676055908203125, 39.206146240234375
40.550575256347656, 29.09090805053711
32.676055908203125, 39.206146240234375
40.550575256347656, 29.09090805053711
32.612037658691406, 36.77336883544922
40.550575256347656, 29.09090805053711
32.612037658691406, 36.77336883544922
38.95006561279297, 27.938541412353516
32.612037658691406, 36.77336883544922
38.95006561279297, 27.938541412353516
32.54801559448242, 34.98079299926758
38.95006561279297, 27.938541412353516
32.54801559448242, 34.98079299926758
37.54161071777344, 27.042253494262695
32.54801559448242, 34.98079299926758
37.54161071777344, 27.042253494262695
32.355953216552734, 33.6363639831543
37.54161071777344, 27.042253494262695
32.355953216552734, 33.6363639831543
36.51728820800781, 26.402048110961914
32.355953216552734, 33.6363639831543
36.51728820800781, 26.402048110961914
34.91677474975586, 32.09987258911133
27.81049919128418, 34.148529052734375
34.91677474975586, 32.09987258911133
27.81049919128418, 34.148529052734375
35.23687744140625, 33.1882209777832
27.618438720703125, 35.10883331298828
35.556976318359375, 34.852752685546875
27.55441665649414, 36.00511932373047
36.06914138793945, 37.22151184082031
40.550575256347656, 29.09090805053711
36.06914138793945, 37.22151184082031
40.550575256347656, 29.09090805053711
35.556976318359375, 34.852752685546875
27.55441665649414, 36.00511932373047
36.06914138793945, 37.22151184082031
40.550575256347656, 29.09090805053711
36.06914138793945, 37.22151184082031
40.550575256347656, 29.09090805053711
35.556976318359375, 34.852752685546875
27.55441665649414, 36.00511932373047
32.676055908203125, 39.206146240234375
40.550575256347656, 29.09090805053711
32.676055908203125, 39.206146240234375
40.550575256347656, 29.09090805053711
32.676055908203125, 39.206146240234375
40.550575256347656, 29.09090805053711
32.612037658691406, 36.77336883544922
38.95006561279297, 27.938541412353516
32.612037658691406, 36.77336883544922
38.95006561279297, 27.938541412353516
32.54801559448242, 34.98079299926758
38.95006561279297, 27.938541412353516
32.54801559448242, 34.98079299926758
37.54161071777344, 27.042253494262695
32.54801559448242, 34.98079299926758
37.54161071777344, 27.042253494262695
32.355953216552734, 33.6363639831543
37.54161071777344, 27.042253494262695
32.355953216552734, 33.6363639831543
36.51728820800781, 26.402048110961914
32.355953216552734, 33.6363639831543
36.51728820800781, 26.402048110961914
34.91677474975586, 32.09987258911133
27.81049919128418, 34.148529052734375
34.91677474975586, 32.09987258911133
27.81049919128418, 34.148529052734375
35.23687744140625, 33.1882209777832
27.618438720703125, 35.10883331298828
35.556976318359375, 34.852752685546875
27.298336029052734, 36.58130645751953
36.06914138793945, 37.22151184082031
40.550575256347656, 29.09090805053711
36.06914138793945, 37.22151184082031
40.550575256347656, 29.09090805053711
35.556976318359375, 34.852752685546875
27.298336029052734, 36.58130645751953
36.06914138793945, 37.22151184082031
40.550575256347656, 29.09090805053711
32.676055908203125, 39.206146240234375
40.550575256347656, 29.09090805053711
32.676055908203125, 39.206146240234375
40.550575256347656, 29.09090805053711
32.612037658691406, 36.77336883544922
40.550575256347656, 29.09090805053711
32.612037658691406, 36.77336883544922
38.95006561279297, 27.938541412353516
32.612037658691406, 36.77336883544922
38.95006561279297, 27.938541412353516
32.54801559448242, 34.98079299926758
38.95006561279297, 27.938541412353516
32.54801559448242, 34.98079299926758
37.54161071777344, 27.042253494262695
32.54801559448242, 34.98079299926758
37.54161071777344, 27.042253494262695
32.355953216552734, 33.6363639831543
37.54161071777344, 27.042253494262695
32.355953216552734, 33.6363639831543
36.51728820800781, 26.402048110961914
32.355953216552734, 33.6363639831543
36.51728820800781, 26.402048110961914
34.91677474975586, 32.09987258911133
27.81049919128418, 34.148529052734375
34.91677474975586, 32.09987258911133
27.81049919128418, 34.148529052734375
35.23687744140625, 33.1882209777832
27.618438720703125, 35.10883331298828
35.556976318359375, 34.852752685546875
27.298336029052734, 36.58130645751953
36.06914138793945, 37.22151184082031
40.550575256347656, 29.09090805053711
36.06914138793945, 37.22151184082031
40.550575256347656, 29.09090805053711
35.556976318359375, 34.852752685546875
33.24324417114258, 41.8532829284668
43.01158142089844, 30.965251922607422
33.24324417114258, 41.8532829284668
43.01158142089844, 30.965251922607422
33.24324417114258, 41.8532829284668
43.01158142089844, 30.965251922607422
33.43629455566406, 37.760616302490234
39.22779846191406, 30.501930236816406
33.43629455566406, 37.760616302490234
39.22779846191406, 30.501930236816406
33.320465087890625, 38.18532943725586
40.30887985229492, 30.617759704589844
33.97683334350586, 36.56370544433594
40.30887985229492, 30.617759704589844
33.97683334350586, 36.56370544433594
38.61003875732422, 30.617759704589844
33.97683334350586, 36.56370544433594
38.61003875732422, 30.617759704589844
33.97683334350586, 36.56370544433594
38.61003875732422, 30.617759704589844
33.97683334350586, 36.56370544433594
38.61003875732422, 30.617759704589844
34.51737594604492, 34.40154266357422
30.656370162963867, 38.069496154785156
33.97683334350586, 36.56370544433594
38.61003875732422, 30.617759704589844
33.97683334350586, 36.56370544433594
38.61003875732422, 30.617759704589844
33.97683334350586, 36.56370544433594
38.61003875732422, 30.617759704589844
34.51737594604492, 34.40154266357422
30.888031005859375, 37.52895736694336
33.97683334350586, 36.56370544433594
35.59845733642578, 30.347490310668945
34.51737594604492, 34.40154266357422
30.888031005859375, 37.52895736694336
33.97683334350586, 36.56370544433594
35.59845733642578, 30.347490310668945
34.51737594604492, 34.40154266357422
30.888031005859375, 37.52895736694336
40.888031005859375, 32.85714340209961
30.656370162963867, 38.069496154785156
40.888031005859375, 32.85714340209961
30.656370162963867, 38.069496154785156
40.617759704589844, 33.359073638916016
30.579151153564453, 38.8030891418457
40.617759704589844, 33.359073638916016
30.579151153564453, 38.8030891418457
42.08494186401367, 34.51737594604492
30.424711227416992, 41.930503845214844
33.12741470336914, 41.89189147949219
37.95366668701172, 30.38610076904297
33.12741470336914, 41.89189147949219
37.95366668701172, 30.38610076904297
33.320465087890625, 38.18532943725586
36.40926742553711, 30.231660842895508
33.320465087890625, 38.18532943725586
36.40926742553711, 30.231660842895508
33.320465087890625, 38.18532943725586
40.30887985229492, 30.617759704589844
33.97683334350586, 36.56370544433594
35.59845733642578, 30.347490310668945
33.97683334350586, 36.56370544433594
35.59845733642578, 30.347490310668945
34.51737594604492, 34.40154266357422
30.888031005859375, 37.52895736694336
33.97683334350586, 36.56370544433594
35.59845733642578, 30.347490310668945
33.97683334350586, 36.56370544433594
35.59845733642578, 30.347490310668945
41.621620178222656, 32.20077133178711
30.888031005859375, 37.52895736694336
40.888031005859375, 32.85714340209961
30.656370162963867, 38.069496154785156
40.888031005859375, 32.85714340209961
30.656370162963867, 38.069496154785156
40.888031005859375, 32.85714340209961
30.656370162963867, 38.069496154785156
40.617759704589844, 33.359073638916016
30.579151153564453, 38.8030891418457
40.617759704589844, 33.359073638916016
30.579151153564453, 38.8030891418457
42.08494186401367, 34.51737594604492
30.424711227416992, 41.930503845214844
42.08494186401367, 34.51737594604492
30.424711227416992, 41.930503845214844
42.08494186401367, 34.51737594604492
30.424711227416992, 41.930503845214844
33.12741470336914, 41.89189147949219
37.95366668701172, 30.38610076904297
33.12741470336914, 41.89189147949219
37.95366668701172, 30.38610076904297
33.12741470336914, 41.89189147949219
45.135135650634766, 30.965251922607422
33.12741470336914, 41.89189147949219
45.135135650634766, 30.965251922607422
33.320465087890625, 38.18532943725586
45.135135650634766, 30.965251922607422
33.320465087890625, 38.18532943725586
40.30887985229492, 30.617759704589844
33.320465087890625, 38.18532943725586
40.30887985229492, 30.617759704589844
33.97683334350586, 36.56370544433594
40.30887985229492, 30.617759704589844
33.97683334350586, 36.56370544433594
38.61003875732422, 30.617759704589844
33.97683334350586, 36.56370544433594
38.61003875732422, 30.617759704589844
33.97683334350586, 36.56370544433594
38.61003875732422, 30.617759704589844
34.51737594604492, 34.40154266357422
30.888031005859375, 37.52895736694336
33.97683334350586, 36.56370544433594
38.61003875732422, 30.617759704589844
33.97683334350586, 36.56370544433594
35.59845733642578, 30.347490310668945
34.51737594604492, 34.40154266357422
30.888031005859375, 37.52895736694336
33.97683334350586, 36.56370544433594
35.59845733642578, 30.347490310668945
34.51737594604492, 34.40154266357422
30.888031005859375, 37.52895736694336
40.888031005859375, 32.85714340209961
30.656370162963867, 38.069496154785156
40.888031005859375, 32.85714340209961
30.656370162963867, 38.069496154785156
40.617759704589844, 33.359073638916016
30.579151153564453, 38.8030891418457
40.617759704589844, 33.359073638916016
30.579151153564453, 38.8030891418457
42.08494186401367, 34.51737594604492
30.424711227416992, 41.930503845214844
42.08494186401367, 34.51737594604492
30.424711227416992, 41.930503845214844
33.12741470336914, 41.89189147949219
37.95366668701172, 30.38610076904297
33.12741470336914, 41.89189147949219
37.95366668701172, 30.38610076904297
33.12741470336914, 41.89189147949219
45.135135650634766, 30.965251922607422
33.320465087890625, 38.18532943725586
40.30887985229492, 30.617759704589844
33.320465087890625, 38.18532943725586
40.30887985229492, 30.617759704589844
33.320465087890625, 38.18532943725586
40.30887985229492, 30.617759704589844
33.97683334350586, 36.56370544433594
38.61003875732422, 30.617759704589844
33.97683334350586, 36.56370544433594
38.61003875732422, 30.617759704589844
33.97683334350586, 36.56370544433594
38.61003875732422, 30.617759704589844
32.16216278076172, 31.969112396240234
30.463319778442383, 33.050193786621094
31.77606201171875, 32.934364318847656
33.16602325439453, 30.193050384521484
32.16216278076172, 31.969112396240234
30.463319778442383, 33.050193786621094
31.77606201171875, 32.934364318847656
33.16602325439453, 30.193050384521484
32.16216278076172, 31.969112396240234
30.463319778442383, 33.050193786621094
34.94208526611328, 31.274131774902344
30.347490310668945, 33.12741470336914
34.94208526611328, 31.274131774902344
30.347490310668945, 33.12741470336914
40.617759704589844, 33.359073638916016
30.579151153564453, 38.8030891418457
40.617759704589844, 33.359073638916016
30.579151153564453, 38.8030891418457
42.08494186401367, 34.51737594604492
30.424711227416992, 41.930503845214844
42.08494186401367, 34.51737594604492
30.424711227416992, 41.930503845214844
33.12741470336914, 41.89189147949219
37.95366668701172, 30.38610076904297
33.12741470336914, 41.89189147949219
45.135135650634766, 30.965251922607422
33.12741470336914, 41.89189147949219
45.135135650634766, 30.965251922607422
31.660232543945312, 35.4054069519043
38.61003875732422, 30.656370162963867
31.428571701049805, 33.5521240234375
34.94208526611328, 30.463319778442383
31.428571701049805, 33.5521240234375
34.94208526611328, 30.463319778442383
31.428571701049805, 33.5521240234375
34.94208526611328, 30.463319778442383
31.77606201171875, 32.934364318847656
34.78764343261719, 30.38610076904297
31.77606201171875, 32.934364318847656
34.78764343261719, 30.38610076904297
31.77606201171875, 32.934364318847656
34.78764343261719, 30.38610076904297
32.16216278076172, 31.969112396240234
30.347490310668945, 33.12741470336914
31.77606201171875, 32.934364318847656
34.78764343261719, 30.38610076904297
31.77606201171875, 32.934364318847656
34.78764343261719, 30.38610076904297
32.16216278076172, 31.969112396240234
30.463319778442383, 33.050193786621094
31.77606201171875, 32.934364318847656
33.16602325439453, 30.193050384521484
31.77606201171875, 32.934364318847656
33.16602325439453, 30.193050384521484
32.16216278076172, 31.969112396240234
30.463319778442383, 33.050193786621094
34.94208526611328, 31.274131774902344
30.347490310668945, 33.12741470336914
34.94208526611328, 31.274131774902344
30.347490310668945, 33.12741470336914
34.94208526611328, 31.274131774902344
30.347490310668945, 33.12741470336914
34.20849609375, 31.583011627197266
30.308879852294922, 33.320465087890625
34.20849609375, 31.583011627197266
30.308879852294922, 33.320465087890625
35.21235656738281, 32.16216278076172
30.2702693939209, 34.478763580322266
35.21235656738281, 32.16216278076172
30.2702693939209, 34.478763580322266
31.660232543945312, 35.4054069519043
34.51737594604492, 30.2702693939209
31.660232543945312, 35.4054069519043
34.51737594604492, 30.2702693939209
31.660232543945312, 35.4054069519043
38.61003875732422, 30.656370162963867
31.428571701049805, 33.5521240234375
38.61003875732422, 30.656370162963867
31.428571701049805, 33.5521240234375
34.94208526611328, 30.463319778442383
31.428571701049805, 33.5521240234375
34.94208526611328, 30.463319778442383
31.77606201171875, 32.934364318847656
34.78764343261719, 30.38610076904297
31.77606201171875, 32.934364318847656
34.78764343261719, 30.38610076904297
31.77606201171875, 32.934364318847656
34.78764343261719, 30.38610076904297
32.16216278076172, 31.969112396240234
30.463319778442383, 33.050193786621094
31.77606201171875, 32.934364318847656
33.16602325439453, 30.193050384521484
31.77606201171875, 32.934364318847656
33.16602325439453, 30.193050384521484
32.16216278076172, 31.969112396240234
30.463319778442383, 33.050193786621094
31.77606201171875, 32.934364318847656
33.16602325439453, 30.193050384521484
35.4054069519043, 30.965251922607422
30.463319778442383, 33.050193786621094
34.94208526611328, 31.274131774902344
30.347490310668945, 33.12741470336914
34.94208526611328, 31.274131774902344
30.347490310668945, 33.12741470336914
34.20849609375, 31.583011627197266
30.347490310668945, 33.12741470336914
34.20849609375, 31.583011627197266
30.308879852294922, 33.320465087890625
34.20849609375, 31.583011627197266
30.308879852294922, 33.320465087890625
35.21235656738281, 32.16216278076172
30.2702693939209, 34.478763580322266
35.21235656738281, 32.16216278076172
30.2702693939209, 34.478763580322266
31.660232543945312, 35.4054069519043
34.51737594604492, 30.2702693939209
31.660232543945312, 35.4054069519043
34.51737594604492, 30.2702693939209
31.660232543945312, 35.4054069519043
38.61003875732422, 30.656370162963867
31.660232543945312, 35.4054069519043
38.61003875732422, 30.656370162963867
31.428571701049805, 33.5521240234375
34.94208526611328, 30.463319778442383
31.428571701049805, 33.5521240234375
34.94208526611328, 30.463319778442383
31.77606201171875, 32.934364318847656
34.78764343261719, 30.38610076904297
31.77606201171875, 32.934364318847656
34.78764343261719, 30.38610076904297
31.77606201171875, 32.934364318847656
34.78764343261719, 30.38610076904297
32.16216278076172, 31.969112396240234
30.347490310668945, 33.12741470336914
31.77606201171875, 32.934364318847656
33.16602325439453, 30.193050384521484
31.77606201171875, 32.934364318847656
33.16602325439453, 30.193050384521484
32.16216278076172, 31.969112396240234
30.463319778442383, 33.050193786621094
31.77606201171875, 32.934364318847656
33.16602325439453, 30.193050384521484
32.16216278076172, 31.969112396240234
30.463319778442383, 33.050193786621094
34.94208526611328, 31.274131774902344
30.347490310668945, 33.12741470336914
34.94208526611328, 31.274131774902344
30.347490310668945, 33.12741470336914
34.20849609375, 31.583011627197266
30.308879852294922, 33.320465087890625
34.20849609375, 31.583011627197266
30.308879852294922, 33.320465087890625
35.21235656738281, 32.16216278076172
30.2702693939209, 34.478763580322266
35.21235656738281, 32.16216278076172
30.2702693939209, 34.478763580322266
31.660232543945312, 35.4054069519043
34.51737594604492, 30.2702693939209
31.660232543945312, 35.4054069519043
34.51737594604492, 30.2702693939209
31.660232543945312, 35.4054069519043
38.61003875732422, 30.656370162963867
31.428571701049805, 33.5521240234375
38.61003875732422, 30.656370162963867
31.428571701049805, 33.5521240234375
34.94208526611328, 30.463319778442383
31.428571701049805, 33.5521240234375
34.94208526611328, 30.463319778442383
31.77606201171875, 32.934364318847656
34.78764343261719, 30.38610076904297
31.77606201171875, 32.934364318847656
34.78764343261719, 30.38610076904297
31.77606201171875, 32.934364318847656
34.78764343261719, 30.38610076904297
32.16216278076172, 31.969112396240234
30.463319778442383, 33.050193786621094
31.77606201171875, 32.934364318847656
33.16602325439453, 30.193050384521484
31.77606201171875, 32.934364318847656
33.16602325439453, 30.193050384521484
32.16216278076172, 31.969112396240234
30.463319778442383, 33.050193786621094
31.77606201171875, 32.934364318847656
33.16602325439453, 30.193050384521484
35.4054069519043, 30.965251922607422
30.463319778442383, 33.050193786621094
34.94208526611328, 31.274131774902344
30.347490310668945, 33.12741470336914
34.94208526611328, 31.274131774902344
30.347490310668945, 33.12741470336914
34.94208526611328, 31.274131774902344
30.347490310668945, 33.12741470336914
34.20849609375, 31.583011627197266
30.308879852294922, 33.320465087890625
34.20849609375, 31.583011627197266
30.308879852294922, 33.320465087890625
35.21235656738281, 32.16216278076172
30.2702693939209, 34.478763580322266
35.21235656738281, 32.16216278076172
30.2702693939209, 34.478763580322266
31.660232543945312, 35.4054069519043
34.51737594604492, 30.2702693939209
31.660232543945312, 35.4054069519043
34.51737594604492, 30.2702693939209
31.660232543945312, 35.4054069519043
38.61003875732422, 30.656370162963867
31.428571701049805, 33.5521240234375
38.61003875732422, 30.656370162963867
31.428571701049805, 33.5521240234375
34.94208526611328, 30.463319778442383
31.428571701049805, 33.5521240234375
34.94208526611328, 30.463319778442383
31.77606201171875, 32.934364318847656
34.78764343261719, 30.38610076904297
31.77606201171875, 32.934364318847656
34.78764343261719, 30.38610076904297
31.77606201171875, 32.934364318847656
34.78764343261719, 30.38610076904297
32.16216278076172, 31.969112396240234
30.463319778442383, 33.050193786621094
31.77606201171875, 32.934364318847656
33.16602325439453, 30.193050384521484
31.77606201171875, 32.934364318847656
33.16602325439453, 30.193050384521484
32.16216278076172, 31.969112396240234
30.463319778442383, 33.050193786621094
34.94208526611328, 31.274131774902344
30.347490310668945, 33.12741470336914
34.94208526611328, 31.274131774902344
30.347490310668945, 33.12741470336914
34.94208526611328, 31.274131774902344
30.347490310668945, 33.12741470336914
34.20849609375, 31.583011627197266
30.308879852294922, 33.320465087890625
34.20849609375, 31.583011627197266
30.308879852294922, 33.320465087890625
35.21235656738281, 32.16216278076172
30.2702693939209, 34.478763580322266
35.21235656738281, 32.16216278076172
30.2702693939209, 34.478763580322266
31.660232543945312, 35.4054069519043
34.51737594604492, 30.2702693939209
31.660232543945312, 35.4054069519043
38.61003875732422, 30.656370162963867
31.660232543945312, 35.4054069519043
38.61003875732422, 30.656370162963867
31.660232543945312, 35.4054069519043
38.61003875732422, 30.656370162963867
31.428571701049805, 33.5521240234375
34.94208526611328, 30.463319778442383
31.428571701049805, 33.5521240234375
34.94208526611328, 30.463319778442383
31.428571701049805, 33.5521240234375
34.94208526611328, 30.463319778442383
31.77606201171875, 32.934364318847656
34.78764343261719, 30.38610076904297
31.77606201171875, 32.934364318847656
34.78764343261719, 30.38610076904297
31.77606201171875, 32.934364318847656
34.78764343261719, 30.38610076904297
31.77606201171875, 32.934364318847656
34.78764343261719, 30.38610076904297
32.16216278076172, 31.969112396240234
30.463319778442383, 33.050193786621094
31.77606201171875, 32.934364318847656
34.78764343261719, 30.38610076904297
31.77606201171875, 32.934364318847656
33.16602325439453, 30.193050384521484
32.16216278076172, 31.969112396240234
30.463319778442383, 33.050193786621094
31.77606201171875, 32.934364318847656
33.16602325439453, 30.193050384521484
32.16216278076172, 31.969112396240234
30.463319778442383, 33.050193786621094
34.94208526611328, 31.274131774902344
30.347490310668945, 33.12741470336914
34.94208526611328, 31.274131774902344
30.347490310668945, 33.12741470336914
34.20849609375, 31.583011627197266
30.308879852294922, 33.320465087890625
34.20849609375, 31.583011627197266
30.308879852294922, 33.320465087890625
35.21235656738281, 32.16216278076172
30.2702693939209, 34.478763580322266
31.660232543945312, 35.4054069519043
34.51737594604492, 30.2702693939209
31.660232543945312, 35.4054069519043
34.51737594604492, 30.2702693939209
31.428571701049805, 33.5521240234375
33.28185272216797, 30.231660842895508
31.428571701049805, 33.5521240234375
33.28185272216797, 30.231660842895508
31.77606201171875, 32.934364318847656
33.16602325439453, 30.193050384521484
31.77606201171875, 32.934364318847656
33.16602325439453, 30.193050384521484
31.77606201171875, 32.934364318847656
33.16602325439453, 30.193050384521484
32.16216278076172, 31.969112396240234
30.463319778442383, 33.050193786621094
31.77606201171875, 32.934364318847656
33.16602325439453, 30.193050384521484
35.4054069519043, 30.965251922607422
30.463319778442383, 33.050193786621094
34.94208526611328, 31.274131774902344
30.347490310668945, 33.12741470336914
34.94208526611328, 31.274131774902344
30.347490310668945, 33.12741470336914
34.20849609375, 31.583011627197266
30.308879852294922, 33.320465087890625
34.20849609375, 31.583011627197266
30.308879852294922, 33.320465087890625
35.21235656738281, 32.16216278076172
30.308879852294922, 33.320465087890625
35.21235656738281, 32.16216278076172
30.2702693939209, 34.478763580322266
35.21235656738281, 32.16216278076172
30.2702693939209, 34.478763580322266
31.660232543945312, 35.4054069519043
34.51737594604492, 30.2702693939209
31.660232543945312, 35.4054069519043
34.51737594604492, 30.2702693939209
31.660232543945312, 35.4054069519043
38.61003875732422, 30.656370162963867
31.660232543945312, 35.4054069519043
38.61003875732422, 30.656370162963867
31.428571701049805, 33.5521240234375
34.94208526611328, 30.463319778442383
31.428571701049805, 33.5521240234375
34.94208526611328, 30.463319778442383
31.428571701049805, 33.5521240234375
34.94208526611328, 30.463319778442383
31.77606201171875, 32.934364318847656
34.78764343261719, 30.38610076904297
31.77606201171875, 32.934364318847656
34.78764343261719, 30.38610076904297
31.77606201171875, 32.934364318847656
34.78764343261719, 30.38610076904297
32.16216278076172, 31.969112396240234
30.463319778442383, 33.050193786621094
31.77606201171875, 32.934364318847656
34.78764343261719, 30.38610076904297
31.77606201171875, 32.934364318847656
33.16602325439453, 30.193050384521484
32.16216278076172, 31.969112396240234
30.463319778442383, 33.050193786621094
31.77606201171875, 32.934364318847656
56.011905670166016, 66.48809814453125
67.32142639160156, 40.119049072265625
55.89285659790039, 64.10714721679688
66.25, 39.404762268066406
55.89285659790039, 64.10714721679688
66.25, 39.404762268066406
55.89285659790039, 64.10714721679688
66.25, 39.404762268066406
55.89285659790039, 64.10714721679688
66.25, 39.404762268066406
54.64285659790039, 61.19047546386719
66.25, 39.404762268066406
54.64285659790039, 61.19047546386719
63.27381134033203, 37.85714340209961
54.64285659790039, 61.19047546386719
63.27381134033203, 37.85714340209961
53.511905670166016, 58.27381134033203
63.27381134033203, 37.85714340209961
53.511905670166016, 58.27381134033203
60.53571319580078, 36.488094329833984
53.511905670166016, 58.27381134033203
60.53571319580078, 36.488094329833984
53.511905670166016, 58.27381134033203
60.53571319580078, 36.488094329833984
53.511905670166016, 58.27381134033203
55.654762268066406, 36.130950927734375
48.80952453613281, 53.03571319580078
55.654762268066406, 36.130950927734375
51.488094329833984, 44.10714340209961
36.25, 50.17857360839844
54.583335876464844, 46.488094329833984
36.5476188659668, 53.80952453613281
54.583335876464844, 46.488094329833984
36.5476188659668, 53.80952453613281
54.583335876464844, 46.488094329833984
36.5476188659668, 53.80952453613281
62.738094329833984, 51.5476188659668
37.97618865966797, 62.44047546386719
64.82142639160156, 53.630950927734375
38.095237731933594, 64.4047622680664
64.82142639160156, 53.630950927734375
38.095237731933594, 64.4047622680664
64.82142639160156, 53.630950927734375
38.095237731933594, 64.4047622680664
65.05952453613281, 55.35714340209961
37.85714340209961, 65.5952377319336
65.05952453613281, 55.35714340209961
37.85714340209961, 65.5952377319336
56.011905670166016, 66.48809814453125
67.32142639160156, 40.119049072265625
56.011905670166016, 66.48809814453125
67.32142639160156, 40.119049072265625
56.011905670166016, 66.48809814453125
67.32142639160156, 40.119049072265625
56.011905670166016, 66.48809814453125
67.32142639160156, 40.119049072265625
51.42857360839844, 61.666664123535156
62.7976188659668, 39.94047546386719
51.42857360839844, 61.666664123535156
64.04762268066406, 45.71428680419922
42.85714340209961, 63.154762268066406
64.04762268066406, 45.71428680419922
42.85714340209961, 63.154762268066406
64.04762268066406, 45.71428680419922
42.85714340209961, 63.154762268066406
64.04762268066406, 45.71428680419922
42.85714340209961, 63.154762268066406
64.04762268066406, 45.71428680419922
42.85714340209961, 63.154762268066406
64.04762268066406, 45.71428680419922
42.85714340209961, 63.154762268066406
64.04762268066406, 45.71428680419922
42.85714340209961, 63.154762268066406
64.04762268066406, 45.71428680419922
42.85714340209961, 63.154762268066406
60.77381134033203, 52.083335876464844
37.2023811340332, 59.7023811340332
60.77381134033203, 52.083335876464844
37.2023811340332, 59.7023811340332
51.07142639160156, 59.404762268066406
60.595237731933594, 38.69047546386719
51.07142639160156, 59.404762268066406
60.595237731933594, 38.69047546386719
51.07142639160156, 59.404762268066406
60.595237731933594, 38.69047546386719
51.07142639160156, 59.404762268066406
61.25, 43.57142639160156
42.14285659790039, 60.654762268066406
61.25, 43.57142639160156
42.14285659790039, 60.654762268066406
61.25, 43.57142639160156
42.14285659790039, 60.654762268066406
61.25, 43.57142639160156
42.14285659790039, 60.654762268066406
57.916664123535156, 49.0476188659668
36.42856979370117, 57.2023811340332
57.916664123535156, 49.0476188659668
36.42856979370117, 57.2023811340332
41.42857360839844, 49.64285659790039
47.32142639160156, 35.89285659790039
41.42857360839844, 49.64285659790039
47.32142639160156, 35.89285659790039
41.42857360839844, 49.64285659790039
47.261905670166016, 38.39285659790039
36.011905670166016, 50.2976188659668
47.261905670166016, 38.39285659790039
36.011905670166016, 50.2976188659668
47.261905670166016, 38.39285659790039
36.011905670166016, 50.2976188659668
44.880950927734375, 41.66666793823242
33.21428680419922, 47.55952453613281
44.880950927734375, 41.66666793823242
33.21428680419922, 47.55952453613281
39.52381134033203, 44.52381134033203
47.32142639160156, 35.89285659790039
39.52381134033203, 44.52381134033203
47.261905670166016, 38.39285659790039
34.94047546386719, 44.880950927734375
47.261905670166016, 38.39285659790039
34.94047546386719, 44.880950927734375
47.261905670166016, 38.39285659790039
36.011905670166016, 50.2976188659668
44.880950927734375, 41.66666793823242
33.21428680419922, 47.55952453613281
39.52381134033203, 44.52381134033203
47.32142639160156, 35.89285659790039
39.52381134033203, 44.52381134033203
47.261905670166016, 38.39285659790039
34.94047546386719, 44.880950927734375
47.261905670166016, 38.39285659790039
34.94047546386719, 44.880950927734375
44.880950927734375, 41.66666793823242
32.44047546386719, 42.55952453613281
39.52381134033203, 44.52381134033203
47.32142639160156, 35.89285659790039
39.52381134033203, 44.52381134033203
47.261905670166016, 38.39285659790039
34.94047546386719, 44.880950927734375
47.261905670166016, 38.39285659790039
34.94047546386719, 44.880950927734375
44.880950927734375, 41.66666793823242
32.44047546386719, 42.55952453613281
39.52381134033203, 44.52381134033203
47.32142639160156, 35.89285659790039
39.52381134033203, 44.52381134033203
47.261905670166016, 38.39285659790039
34.94047546386719, 44.880950927734375
47.261905670166016, 38.39285659790039
34.94047546386719, 44.880950927734375
44.880950927734375, 41.66666793823242
31.428571701049805, 35.47618865966797
34.7023811340332, 36.96428680419922
38.21428680419922, 33.095237731933594
32.67856979370117, 37.08333206176758
38.095237731933594, 34.28571319580078
32.67856979370117, 37.08333206176758
36.72618865966797, 35.77381134033203
31.428571701049805, 35.47618865966797
34.7023811340332, 36.96428680419922
38.21428680419922, 33.095237731933594
32.67856979370117, 37.08333206176758
38.095237731933594, 34.28571319580078
32.67856979370117, 37.08333206176758
36.72618865966797, 35.77381134033203
31.428571701049805, 35.47618865966797
34.7023811340332, 36.96428680419922
38.21428680419922, 33.095237731933594
32.67856979370117, 37.08333206176758
38.095237731933594, 34.28571319580078
32.67856979370117, 37.08333206176758
36.72618865966797, 35.77381134033203
31.428571701049805, 35.47618865966797
34.7023811340332, 36.96428680419922
38.095237731933594, 34.28571319580078
32.67856979370117, 37.08333206176758
38.095237731933594, 34.28571319580078
31.428571701049805, 35.47618865966797
34.7023811340332, 36.96428680419922
38.21428680419922, 33.095237731933594
32.67856979370117, 37.08333206176758
38.095237731933594, 34.28571319580078
32.67856979370117, 37.08333206176758
36.72618865966797, 35.77381134033203
31.428571701049805, 35.47618865966797
34.7023811340332, 36.96428680419922
38.095237731933594, 34.28571319580078
32.67856979370117, 37.08333206176758
36.72618865966797, 35.77381134033203
70.0, 70.0
67.24490356445312, 70.0
70.0, 70.0
60.51020431518555, 70.0
70.0, 70.0
59.79591751098633, 70.0
70.0, 70.0
59.79591751098633, 70.0
70.0, 70.0
59.79591751098633, 70.0
70.0, 70.0
60.71428680419922, 70.0
70.0, 70.0
60.71428680419922, 70.0
70.0, 70.0
60.71428680419922, 70.0
69.48979187011719, 70.0
70.0, 70.0
61.632652282714844, 70.0
70.0, 70.0
61.632652282714844, 70.0
70.0, 70.0
61.632652282714844, 70.0
70.0, 70.0
61.632652282714844, 70.0
62.65306091308594, 70.0
70.0, 70.0
64.28571319580078, 70.0
70.0, 70.0
64.28571319580078, 70.0
60.408164978027344, 70.0
40.0, 34.33333206176758
36.866668701171875, 40.06666564941406
39.400001525878906, 33.93333435058594
36.866668701171875, 40.06666564941406
39.400001525878906, 33.93333435058594
36.866668701171875, 40.06666564941406
40.20000076293945, 32.46666717529297
38.400001525878906, 40.733333587646484
40.20000076293945, 32.46666717529297
38.400001525878906, 40.733333587646484
40.20000076293945, 32.46666717529297
38.400001525878906, 40.733333587646484
40.20000076293945, 32.46666717529297
38.400001525878906, 40.733333587646484
40.33333206176758, 32.86666488647461
38.400001525878906, 40.733333587646484
40.33333206176758, 32.86666488647461
38.400001525878906, 40.733333587646484
40.33333206176758, 32.86666488647461
38.400001525878906, 40.733333587646484
37.0, 31.53333282470703
38.266666412353516, 34.133331298828125
38.266666412353516, 34.133331298828125
30.626911163330078, 31.605504989624023
31.116207122802734, 31.85015296936035
30.99388313293457, 31.727828979492188
31.360855102539062, 31.85015296936035
31.972476959228516, 31.727828979492188
31.605504989624023, 31.605504989624023
31.48318099975586, 31.360855102539062
31.48318099975586, 31.360855102539062
31.23853302001953, 31.23853302001953
31.360855102539062, 31.23853302001953
31.85015296936035, 31.360855102539062
31.85015296936035, 31.23853302001953
31.85015296936035, 31.23853302001953
32.09480285644531, 31.360855102539062
31.85015296936035, 31.605504989624023
31.85015296936035, 31.605504989624023
31.727828979492188, 31.727828979492188
31.727828979492188, 31.727828979492188
75.0, 75.0
75.0, 75.0
75.0, 75.0
75.0, 75.0
75.0, 75.0
75.0, 75.0
75.0, 75.0
75.0, 75.0
40.94936752319336, 53.367088317871094
52.91139221191406, 42.658226013183594
40.94936752319336, 53.367088317871094
52.91139221191406, 42.658226013183594
40.94936752319336, 53.367088317871094
52.91139221191406, 42.658226013183594
39.126583099365234, 53.25316619873047
52.91139221191406, 42.658226013183594
39.924049377441406, 52.91139221191406
53.367088317871094, 42.658226013183594
41.177215576171875, 54.50632858276367
53.367088317871094, 42.658226013183594
41.177215576171875, 54.50632858276367
53.59493637084961, 41.97468566894531
40.94936752319336, 52.79747009277344
53.59493637084961, 41.97468566894531
40.94936752319336, 52.79747009277344
52.45569610595703, 41.2911376953125
40.94936752319336, 52.79747009277344
52.45569610595703, 41.2911376953125
40.26582336425781, 50.632911682128906
50.74683380126953, 40.83544158935547
43.341773986816406, 51.08860778808594
50.74683380126953, 40.83544158935547
43.341773986816406, 51.08860778808594
50.74683380126953, 40.83544158935547
43.341773986816406, 51.08860778808594
49.26582336425781, 37.873416900634766
43.0, 48.696205139160156
48.696205139160156, 37.075950622558594
47.3291130065918, 48.696205139160156
48.696205139160156, 37.075950622558594
47.3291130065918, 48.696205139160156
48.696205139160156, 37.075950622558594
49.0379753112793, 45.62025451660156
35.25316619873047, 48.924049377441406
49.0379753112793, 45.62025451660156
37.873416900634766, 51.31645584106445
49.0379753112793, 45.62025451660156
37.873416900634766, 51.31645584106445
50.40506362915039, 43.68354415893555
37.873416900634766, 51.31645584106445
50.40506362915039, 43.68354415893555
37.873416900634766, 51.31645584106445
50.40506362915039, 43.68354415893555
40.83544158935547, 51.20252990722656
50.40506362915039, 43.68354415893555
40.83544158935547, 51.20252990722656
50.86075973510742, 41.632911682128906
40.83544158935547, 51.20252990722656
50.86075973510742, 41.632911682128906
40.83544158935547, 51.20252990722656
50.86075973510742, 41.632911682128906
43.113922119140625, 50.2911376953125
50.86075973510742, 41.632911682128906
43.113922119140625, 50.2911376953125
48.924049377441406, 38.44303894042969
46.987342834472656, 48.924049377441406
48.924049377441406, 38.44303894042969
46.873416900634766, 45.278480529785156
35.02531433105469, 44.822784423828125
50.2911376953125, 48.240509033203125
37.873416900634766, 53.02531433105469
50.86075973510742, 45.16455841064453
37.873416900634766, 53.02531433105469
50.86075973510742, 45.16455841064453
37.873416900634766, 53.02531433105469
50.86075973510742, 45.16455841064453
40.721519470214844, 52.227848052978516
50.86075973510742, 45.16455841064453
40.721519470214844, 52.227848052978516
50.97468566894531, 42.658226013183594
41.97468566894531, 54.16455841064453
50.97468566894531, 42.658226013183594
44.93670654296875, 50.74683380126953
48.582279205322266, 38.89873504638672
45.278480529785156, 47.44303894042969
48.582279205322266, 37.417720794677734
49.15190124511719, 45.62025451660156
35.59493637084961, 49.0379753112793
51.20252990722656, 43.569618225097656
38.10126495361328, 50.51898956298828
50.97468566894531, 45.73417663574219
38.10126495361328, 52.79747009277344
52.45569610595703, 42.658226013183594
38.10126495361328, 52.79747009277344
52.45569610595703, 42.658226013183594
41.632911682128906, 53.13924026489258
52.45569610595703, 42.658226013183594
41.632911682128906, 53.13924026489258
50.74683380126953, 40.0379753112793
41.632911682128906, 53.13924026489258
50.74683380126953, 40.0379753112793
45.39240264892578, 47.89873504638672
48.696205139160156, 35.822784423828125
48.696205139160156, 44.93670654296875
36.278480529785156, 47.89873504638672
48.35443115234375, 43.68354415893555
36.278480529785156, 47.89873504638672
50.06329345703125, 41.632911682128906
38.6708869934082, 48.582279205322266
50.06329345703125, 41.632911682128906
38.6708869934082, 48.582279205322266
51.658226013183594, 39.126583099365234
38.6708869934082, 48.582279205322266
51.658226013183594, 39.126583099365234
38.6708869934082, 48.582279205322266
51.658226013183594, 39.126583099365234
41.74683380126953, 48.924049377441406
50.06329345703125, 36.73417663574219
41.74683380126953, 48.924049377441406
50.06329345703125, 36.73417663574219
41.74683380126953, 48.924049377441406
50.06329345703125, 36.73417663574219
44.13924026489258, 45.73417663574219
46.531646728515625, 34.569618225097656
48.696205139160156, 42.886077880859375
35.93670654296875, 48.240509033203125
46.873416900634766, 42.658226013183594
35.25316619873047, 45.84809875488281
48.468353271484375, 40.0379753112793
37.75949478149414, 47.3291130065918
48.468353271484375, 40.0379753112793
37.75949478149414, 47.3291130065918
49.37974548339844, 37.531646728515625
37.75949478149414, 47.3291130065918
46.873416900634766, 35.367088317871094
37.30379867553711, 43.79747009277344
46.873416900634766, 35.367088317871094
39.24050521850586, 44.48101043701172
46.873416900634766, 35.367088317871094
39.24050521850586, 44.48101043701172
45.62025451660156, 33.772151947021484
39.24050521850586, 44.48101043701172
45.62025451660156, 33.772151947021484
39.24050521850586, 44.48101043701172
45.62025451660156, 33.772151947021484
41.2911376953125, 41.74683380126953
45.62025451660156, 33.772151947021484
41.2911376953125, 41.74683380126953
42.658226013183594, 32.518985748291016
43.113922119140625, 38.55696105957031
35.13924026489258, 43.113922119140625
43.113922119140625, 38.55696105957031
35.13924026489258, 43.113922119140625
44.13924026489258, 37.30379867553711
37.30379867553711, 43.79747009277344
44.13924026489258, 37.30379867553711
37.30379867553711, 43.79747009277344
44.48101043701172, 35.13924026489258
37.30379867553711, 43.79747009277344
44.48101043701172, 35.13924026489258
37.30379867553711, 43.79747009277344
44.48101043701172, 35.13924026489258
37.30379867553711, 43.79747009277344
42.430381774902344, 34.341773986816406
39.24050521850586, 44.48101043701172
42.430381774902344, 34.341773986816406
39.24050521850586, 44.48101043701172
42.430381774902344, 34.341773986816406
39.24050521850586, 44.48101043701172
43.341773986816406, 33.20252990722656
39.24050521850586, 44.48101043701172
43.341773986816406, 33.20252990722656
39.24050521850586, 44.48101043701172
43.341773986816406, 33.20252990722656
41.2911376953125, 41.74683380126953
39.24050521850586, 31.8354434967041
37.873416900634766, 37.987342834472656
37.75949478149414, 30.92405128479004
39.24050521850586, 35.59493637084961
33.31645584106445, 38.3291130065918
39.24050521850586, 35.59493637084961
33.31645584106445, 38.3291130065918
40.26582336425781, 34.569618225097656
33.31645584106445, 38.3291130065918
40.26582336425781, 34.569618225097656
35.02531433105469, 38.89873504638672
38.55696105957031, 33.772151947021484
34.0, 37.075950622558594
38.55696105957031, 33.772151947021484
34.0, 37.075950622558594
38.78480911254883, 32.86075973510742
34.0, 37.075950622558594
38.78480911254883, 32.86075973510742
34.0, 37.075950622558594
38.78480911254883, 32.86075973510742
34.0, 37.075950622558594
38.78480911254883, 32.86075973510742
34.0, 37.075950622558594
37.30379867553711, 32.40506362915039
34.0, 37.075950622558594
37.30379867553711, 32.40506362915039
34.0, 37.075950622558594
37.30379867553711, 32.40506362915039
34.0, 37.075950622558594
37.30379867553711, 32.40506362915039
35.13924026489258, 37.987342834472656
37.30379867553711, 32.40506362915039
35.13924026489258, 37.987342834472656
37.30379867553711, 32.40506362915039
35.13924026489258, 37.987342834472656
37.30379867553711, 32.40506362915039
35.13924026489258, 37.987342834472656
37.30379867553711, 32.40506362915039
35.13924026489258, 37.987342834472656
37.417720794677734, 31.94936752319336
35.13924026489258, 37.987342834472656
37.417720794677734, 31.94936752319336
35.13924026489258, 37.987342834472656
37.417720794677734, 31.94936752319336
35.13924026489258, 37.987342834472656
37.417720794677734, 31.94936752319336
62.850746154785156, 63.3880615234375
62.19403076171875, 61.47761154174805
62.850746154785156, 63.3880615234375
62.19403076171875, 61.47761154174805
62.850746154785156, 63.3880615234375
62.19403076171875, 61.47761154174805
63.08955383300781, 63.50746154785156
62.55223846435547, 61.656715393066406
63.08955383300781, 63.50746154785156
62.55223846435547, 61.656715393066406
62.850746154785156, 62.91044616699219
62.31343460083008, 61.238807678222656
63.08955383300781, 62.25373077392578
58.850746154785156, 62.55223846435547
62.850746154785156, 62.91044616699219
61.89552307128906, 61.05970001220703
62.850746154785156, 62.91044616699219
62.31343460083008, 61.238807678222656
62.850746154785156, 62.91044616699219
62.31343460083008, 61.238807678222656
61.835819244384766, 63.029850006103516
62.31343460083008, 61.238807678222656
62.13432693481445, 62.43283462524414
62.31343460083008, 61.238807678222656
62.13432693481445, 62.43283462524414
62.43283462524414, 60.52238845825195
62.13432693481445, 62.43283462524414
62.43283462524414, 60.52238845825195
63.08955383300781, 62.25373077392578
59.208953857421875, 62.07462692260742
62.850746154785156, 62.91044616699219
62.31343460083008, 61.238807678222656
62.850746154785156, 62.91044616699219
62.31343460083008, 61.238807678222656
63.08955383300781, 62.25373077392578
58.850746154785156, 62.55223846435547
62.850746154785156, 62.91044616699219
61.89552307128906, 61.05970001220703
61.835819244384766, 63.029850006103516
62.31343460083008, 61.238807678222656
61.835819244384766, 63.029850006103516
62.31343460083008, 61.238807678222656
61.835819244384766, 63.029850006103516
62.31343460083008, 61.238807678222656
61.835819244384766, 63.029850006103516
62.31343460083008, 61.238807678222656
62.13432693481445, 62.43283462524414
62.31343460083008, 61.238807678222656
62.13432693481445, 62.43283462524414
62.43283462524414, 60.52238845825195
62.13432693481445, 62.43283462524414
62.43283462524414, 60.52238845825195
62.13432693481445, 62.43283462524414
62.43283462524414, 60.52238845825195
63.08955383300781, 62.25373077392578
59.208953857421875, 62.07462692260742
62.850746154785156, 62.91044616699219
62.31343460083008, 61.238807678222656
63.08955383300781, 62.25373077392578
58.850746154785156, 62.55223846435547
62.850746154785156, 62.91044616699219
62.31343460083008, 61.238807678222656
62.850746154785156, 62.91044616699219
62.31343460083008, 61.238807678222656
62.850746154785156, 62.91044616699219
62.31343460083008, 61.238807678222656
61.835819244384766, 63.029850006103516
62.31343460083008, 61.238807678222656
62.13432693481445, 62.43283462524414
62.31343460083008, 61.238807678222656
62.13432693481445, 62.43283462524414
62.43283462524414, 60.52238845825195
63.08955383300781, 62.25373077392578
59.208953857421875, 62.07462692260742
62.850746154785156, 62.91044616699219
62.31343460083008, 61.238807678222656
62.850746154785156, 62.91044616699219
62.31343460083008, 61.238807678222656
61.835819244384766, 63.029850006103516
62.31343460083008, 61.238807678222656
62.13432693481445, 62.43283462524414
62.43283462524414, 60.52238845825195
63.08955383300781, 62.25373077392578
59.208953857421875, 62.07462692260742
62.850746154785156, 62.91044616699219
62.31343460083008, 61.238807678222656
61.656715393066406, 61.835819244384766
61.29850769042969, 60.46268844604492
60.582088470458984, 61.955223083496094
61.29850769042969, 60.46268844604492
60.88059616088867, 61.35820770263672
61.29850769042969, 60.46268844604492
60.88059616088867, 61.35820770263672
61.417911529541016, 59.80596923828125
61.89552307128906, 61.238807678222656
57.89552307128906, 60.94029998779297
61.656715393066406, 61.835819244384766
61.29850769042969, 60.46268844604492
61.656715393066406, 61.835819244384766
61.29850769042969, 60.46268844604492
61.89552307128906, 61.238807678222656
57.53731155395508, 61.417911529541016
61.656715393066406, 61.835819244384766
60.88059616088867, 60.223880767822266
60.582088470458984, 61.955223083496094
61.29850769042969, 60.46268844604492
60.582088470458984, 61.955223083496094
61.29850769042969, 60.46268844604492
60.582088470458984, 61.955223083496094
61.29850769042969, 60.46268844604492
60.582088470458984, 61.955223083496094
61.29850769042969, 60.46268844604492
60.582088470458984, 61.955223083496094
61.29850769042969, 60.46268844604492
60.88059616088867, 61.35820770263672
61.29850769042969, 60.46268844604492
60.88059616088867, 61.35820770263672
61.417911529541016, 59.80596923828125
60.88059616088867, 61.35820770263672
61.417911529541016, 59.80596923828125
60.88059616088867, 61.35820770263672
61.417911529541016, 59.80596923828125
60.88059616088867, 61.35820770263672
61.417911529541016, 59.80596923828125
60.88059616088867, 61.35820770263672
61.417911529541016, 59.80596923828125
61.89552307128906, 61.238807678222656
57.89552307128906, 60.94029998779297
61.89552307128906, 61.238807678222656
57.53731155395508, 61.417911529541016
61.656715393066406, 61.835819244384766
61.29850769042969, 60.46268844604492
61.656715393066406, 61.835819244384766
61.29850769042969, 60.46268844604492
60.582088470458984, 61.955223083496094
61.29850769042969, 60.46268844604492
60.582088470458984, 61.955223083496094
61.29850769042969, 60.46268844604492
60.88059616088867, 61.35820770263672
61.29850769042969, 60.46268844604492
60.88059616088867, 61.35820770263672
61.417911529541016, 59.80596923828125
60.88059616088867, 61.35820770263672
61.417911529541016, 59.80596923828125
61.89552307128906, 61.238807678222656
57.89552307128906, 60.94029998779297
61.656715393066406, 61.835819244384766
61.29850769042969, 60.46268844604492
61.656715393066406, 61.835819244384766
61.29850769042969, 60.46268844604492
61.89552307128906, 61.238807678222656
57.53731155395508, 61.417911529541016
61.656715393066406, 61.835819244384766
61.29850769042969, 60.46268844604492
61.656715393066406, 61.835819244384766
61.29850769042969, 60.46268844604492
60.582088470458984, 61.955223083496094
61.29850769042969, 60.46268844604492
60.582088470458984, 61.955223083496094
61.29850769042969, 60.46268844604492
60.88059616088867, 61.35820770263672
61.29850769042969, 60.46268844604492
60.88059616088867, 61.35820770263672
61.417911529541016, 59.80596923828125
60.88059616088867, 61.35820770263672
61.417911529541016, 59.80596923828125
60.88059616088867, 61.35820770263672
61.417911529541016, 59.80596923828125
61.89552307128906, 61.238807678222656
57.89552307128906, 60.94029998779297
61.656715393066406, 61.835819244384766
61.29850769042969, 60.46268844604492
61.89552307128906, 61.238807678222656
57.53731155395508, 61.417911529541016
61.656715393066406, 61.835819244384766
60.88059616088867, 60.223880767822266
61.656715393066406, 61.835819244384766
61.29850769042969, 60.46268844604492
60.582088470458984, 61.955223083496094
61.29850769042969, 60.46268844604492
60.582088470458984, 61.955223083496094
61.29850769042969, 60.46268844604492
60.582088470458984, 61.955223083496094
61.29850769042969, 60.46268844604492
60.88059616088867, 61.35820770263672
61.29850769042969, 60.46268844604492
60.88059616088867, 61.35820770263672
61.417911529541016, 59.80596923828125
60.88059616088867, 61.35820770263672
61.417911529541016, 59.80596923828125
61.89552307128906, 61.238807678222656
57.89552307128906, 60.94029998779297
61.656715393066406, 61.835819244384766
61.29850769042969, 60.46268844604492
61.89552307128906, 61.238807678222656
57.53731155395508, 61.417911529541016
61.656715393066406, 61.835819244384766
60.88059616088867, 60.223880767822266
60.582088470458984, 61.955223083496094
61.29850769042969, 60.46268844604492
60.582088470458984, 61.955223083496094
61.29850769042969, 60.46268844604492
60.582088470458984, 61.955223083496094
61.29850769042969, 60.46268844604492
60.582088470458984, 61.955223083496094
61.29850769042969, 60.46268844604492
60.88059616088867, 61.35820770263672
61.29850769042969, 60.46268844604492
60.88059616088867, 61.35820770263672
61.417911529541016, 59.80596923828125
60.88059616088867, 61.35820770263672
61.417911529541016, 59.80596923828125
60.88059616088867, 61.35820770263672
61.417911529541016, 59.80596923828125
60.88059616088867, 61.35820770263672
61.417911529541016, 59.80596923828125
61.89552307128906, 61.238807678222656
57.89552307128906, 60.94029998779297
61.89552307128906, 61.238807678222656
57.53731155395508, 61.417911529541016
61.656715393066406, 61.835819244384766
60.88059616088867, 60.223880767822266
61.656715393066406, 61.835819244384766
61.29850769042969, 60.46268844604492
61.656715393066406, 61.835819244384766
61.29850769042969, 60.46268844604492
60.582088470458984, 61.955223083496094
61.29850769042969, 60.46268844604492
60.88059616088867, 61.35820770263672
61.29850769042969, 60.46268844604492
60.88059616088867, 61.35820770263672
61.417911529541016, 59.80596923828125
60.88059616088867, 61.35820770263672
61.417911529541016, 59.80596923828125
61.89552307128906, 61.238807678222656
57.89552307128906, 60.94029998779297
61.656715393066406, 61.835819244384766
61.29850769042969, 60.46268844604492
61.656715393066406, 61.835819244384766
61.29850769042969, 60.46268844604492
61.89552307128906, 61.238807678222656
57.53731155395508, 61.417911529541016
61.656715393066406, 61.835819244384766
60.88059616088867, 60.223880767822266
60.582088470458984, 61.955223083496094
61.29850769042969, 60.46268844604492
60.582088470458984, 61.955223083496094
61.29850769042969, 60.46268844604492
60.582088470458984, 61.955223083496094
61.29850769042969, 60.46268844604492
60.582088470458984, 61.955223083496094
61.29850769042969, 60.46268844604492
60.88059616088867, 61.35820770263672
61.29850769042969, 60.46268844604492
60.88059616088867, 61.35820770263672
61.417911529541016, 59.80596923828125
60.88059616088867, 61.35820770263672
61.417911529541016, 59.80596923828125
60.88059616088867, 61.35820770263672
61.417911529541016, 59.80596923828125
61.89552307128906, 61.238807678222656
57.89552307128906, 60.94029998779297
61.656715393066406, 61.835819244384766
61.29850769042969, 60.46268844604492
61.89552307128906, 61.238807678222656
57.53731155395508, 61.417911529541016
61.656715393066406, 61.835819244384766
61.29850769042969, 60.46268844604492
61.656715393066406, 61.835819244384766
61.29850769042969, 60.46268844604492
60.582088470458984, 61.955223083496094
61.29850769042969, 60.46268844604492
60.582088470458984, 61.955223083496094
61.29850769042969, 60.46268844604492
60.88059616088867, 61.35820770263672
61.29850769042969, 60.46268844604492
60.88059616088867, 61.35820770263672
61.417911529541016, 59.80596923828125
60.88059616088867, 61.35820770263672
61.417911529541016, 59.80596923828125
61.89552307128906, 61.238807678222656
57.89552307128906, 60.94029998779297
61.656715393066406, 61.835819244384766
61.29850769042969, 60.46268844604492
61.656715393066406, 61.835819244384766
61.29850769042969, 60.46268844604492
61.89552307128906, 61.238807678222656
57.89552307128906, 60.94029998779297
61.656715393066406, 61.835819244384766
61.29850769042969, 60.46268844604492
61.656715393066406, 61.835819244384766
61.29850769042969, 60.46268844604492
60.582088470458984, 61.955223083496094
61.29850769042969, 60.46268844604492
60.582088470458984, 61.955223083496094
61.29850769042969, 60.46268844604492
60.88059616088867, 61.35820770263672
61.29850769042969, 60.46268844604492
60.88059616088867, 61.35820770263672
61.417911529541016, 59.80596923828125
60.88059616088867, 61.35820770263672
61.417911529541016, 59.80596923828125
60.88059616088867, 61.35820770263672
61.417911529541016, 59.80596923828125
61.89552307128906, 61.238807678222656
57.89552307128906, 60.94029998779297
61.656715393066406, 61.835819244384766
61.29850769042969, 60.46268844604492
61.89552307128906, 61.238807678222656
57.89552307128906, 60.94029998779297
61.656715393066406, 61.835819244384766
61.29850769042969, 60.46268844604492
61.656715393066406, 61.835819244384766
61.29850769042969, 60.46268844604492
61.656715393066406, 61.835819244384766
61.29850769042969, 60.46268844604492
61.656715393066406, 61.835819244384766
61.29850769042969, 60.46268844604492
61.89552307128906, 61.238807678222656
57.53731155395508, 61.417911529541016
61.656715393066406, 61.835819244384766
61.29850769042969, 60.46268844604492
60.582088470458984, 61.955223083496094
61.29850769042969, 60.46268844604492
60.582088470458984, 61.955223083496094
61.29850769042969, 60.46268844604492
60.582088470458984, 61.955223083496094
61.29850769042969, 60.46268844604492
60.582088470458984, 61.955223083496094
61.29850769042969, 60.46268844604492
60.88059616088867, 61.35820770263672
61.29850769042969, 60.46268844604492
60.88059616088867, 61.35820770263672
61.417911529541016, 59.80596923828125
60.88059616088867, 61.35820770263672
61.417911529541016, 59.80596923828125
60.88059616088867, 61.35820770263672
61.417911529541016, 59.80596923828125
61.89552307128906, 61.238807678222656
57.89552307128906, 60.94029998779297
61.656715393066406, 61.835819244384766
61.29850769042969, 60.46268844604492
61.89552307128906, 61.238807678222656
57.89552307128906, 60.94029998779297
61.656715393066406, 61.835819244384766
61.29850769042969, 60.46268844604492
61.656715393066406, 61.835819244384766
61.29850769042969, 60.46268844604492
61.656715393066406, 61.835819244384766
61.29850769042969, 60.46268844604492
61.656715393066406, 61.835819244384766
61.29850769042969, 60.46268844604492
60.88059616088867, 61.35820770263672
61.29850769042969, 60.46268844604492
61.89552307128906, 61.238807678222656
57.89552307128906, 60.94029998779297
61.656715393066406, 61.835819244384766
61.29850769042969, 60.46268844604492
61.656715393066406, 61.835819244384766
61.29850769042969, 60.46268844604492
60.582088470458984, 61.955223083496094
61.29850769042969, 60.46268844604492
60.88059616088867, 61.35820770263672
61.29850769042969, 60.46268844604492
60.88059616088867, 61.35820770263672
61.417911529541016, 59.80596923828125
60.88059616088867, 61.35820770263672
61.417911529541016, 59.80596923828125
61.89552307128906, 61.238807678222656
57.89552307128906, 60.94029998779297
61.656715393066406, 61.835819244384766
61.29850769042969, 60.46268844604492
61.656715393066406, 61.835819244384766
61.29850769042969, 60.46268844604492
61.89552307128906, 61.238807678222656
57.89552307128906, 60.94029998779297
61.656715393066406, 61.835819244384766
61.29850769042969, 60.46268844604492
61.656715393066406, 61.835819244384766
61.29850769042969, 60.46268844604492
60.582088470458984, 61.955223083496094
61.29850769042969, 60.46268844604492
60.582088470458984, 61.955223083496094
61.29850769042969, 60.46268844604492
60.88059616088867, 61.35820770263672
61.29850769042969, 60.46268844604492
60.88059616088867, 61.35820770263672
61.417911529541016, 59.80596923828125
60.88059616088867, 61.35820770263672
61.417911529541016, 59.80596923828125
61.89552307128906, 61.238807678222656
57.89552307128906, 60.94029998779297
61.656715393066406, 61.835819244384766
61.29850769042969, 60.46268844604492
61.89552307128906, 61.238807678222656
57.53731155395508, 61.417911529541016
61.656715393066406, 61.835819244384766
60.88059616088867, 60.223880767822266
61.656715393066406, 61.835819244384766
61.29850769042969, 60.46268844604492
60.582088470458984, 61.955223083496094
61.29850769042969, 60.46268844604492
60.582088470458984, 61.955223083496094
61.29850769042969, 60.46268844604492
60.582088470458984, 61.955223083496094
61.29850769042969, 60.46268844604492
60.88059616088867, 61.35820770263672
61.29850769042969, 60.46268844604492
60.88059616088867, 61.35820770263672
61.417911529541016, 59.80596923828125
60.88059616088867, 61.35820770263672
61.417911529541016, 59.80596923828125
60.88059616088867, 61.35820770263672
61.417911529541016, 59.80596923828125
60.88059616088867, 61.35820770263672
61.417911529541016, 59.80596923828125
61.89552307128906, 61.238807678222656
57.89552307128906, 60.94029998779297
61.89552307128906, 61.238807678222656
57.53731155395508, 61.417911529541016
61.656715393066406, 61.835819244384766
60.88059616088867, 60.223880767822266
61.656715393066406, 61.835819244384766
61.29850769042969, 60.46268844604492
61.656715393066406, 61.835819244384766
61.29850769042969, 60.46268844604492
60.582088470458984, 61.955223083496094
61.29850769042969, 60.46268844604492
60.582088470458984, 61.955223083496094
61.29850769042969, 60.46268844604492
60.88059616088867, 61.35820770263672
61.29850769042969, 60.46268844604492
60.88059616088867, 61.35820770263672
61.417911529541016, 59.80596923828125
60.88059616088867, 61.35820770263672
61.417911529541016, 59.80596923828125
61.89552307128906, 61.238807678222656
57.89552307128906, 60.94029998779297
61.656715393066406, 61.835819244384766
61.29850769042969, 60.46268844604492
61.89552307128906, 61.238807678222656
57.53731155395508, 61.417911529541016
61.656715393066406, 61.835819244384766
60.88059616088867, 60.223880767822266
61.656715393066406, 61.835819244384766
61.29850769042969, 60.46268844604492
60.582088470458984, 61.955223083496094
61.29850769042969, 60.46268844604492
60.582088470458984, 61.955223083496094
61.29850769042969, 60.46268844604492
60.88059616088867, 61.35820770263672
61.29850769042969, 60.46268844604492
60.88059616088867, 61.35820770263672
61.417911529541016, 59.80596923828125
60.88059616088867, 61.35820770263672
61.417911529541016, 59.80596923828125
61.89552307128906, 61.238807678222656
57.89552307128906, 60.94029998779297
61.656715393066406, 61.835819244384766
61.29850769042969, 60.46268844604492
61.656715393066406, 61.835819244384766
61.29850769042969, 60.46268844604492
61.89552307128906, 61.238807678222656
57.53731155395508, 61.417911529541016
61.656715393066406, 61.835819244384766
60.88059616088867, 60.223880767822266
60.582088470458984, 61.955223083496094
61.29850769042969, 60.46268844604492
60.582088470458984, 61.955223083496094
61.29850769042969, 60.46268844604492
60.582088470458984, 61.955223083496094
61.29850769042969, 60.46268844604492
60.582088470458984, 61.955223083496094
61.29850769042969, 60.46268844604492
60.88059616088867, 61.35820770263672
61.29850769042969, 60.46268844604492
60.88059616088867, 61.35820770263672
61.417911529541016, 59.80596923828125
57.776119232177734, 58.6119384765625
58.43283462524414, 57.17910385131836
57.776119232177734, 58.6119384765625
58.43283462524414, 57.17910385131836
57.776119232177734, 58.6119384765625
58.43283462524414, 57.17910385131836
58.791046142578125, 58.55223846435547
55.208953857421875, 58.13432693481445
58.791046142578125, 58.55223846435547
54.850746154785156, 58.49253845214844
58.55223846435547, 59.029850006103516
57.776119232177734, 57.53731155395508
58.55223846435547, 59.029850006103516
58.31343460083008, 57.7164192199707
58.55223846435547, 59.029850006103516
58.31343460083008, 57.7164192199707
57.47761154174805, 59.08955383300781
58.31343460083008, 57.7164192199707
57.776119232177734, 58.6119384765625
58.31343460083008, 57.7164192199707
57.776119232177734, 58.6119384765625
34.21697998046875, 32.97169876098633
33.075469970703125, 32.349056243896484
32.660377502441406, 32.141510009765625
29.547168731689453, 30.58490562438965
31.41509437561035, 31.830188751220703
31.311321258544922, 31.10377311706543
31.41509437561035, 31.830188751220703
31.311321258544922, 31.10377311706543
28.30188751220703, 29.650943756103516
28.30188751220703, 29.132076263427734
29.443397521972656, 31.20754623413086
31.933961868286133, 32.24528503417969
33.28302001953125, 32.141510009765625
31.10377311706543, 32.03773498535156
33.69811248779297, 31.51886749267578
30.27358627319336, 31.41509437561035
32.660377502441406, 31.933961868286133
29.547168731689453, 31.0
32.349056243896484, 32.660377502441406
33.80188751220703, 31.72641372680664
30.377357482910156, 32.141510009765625
33.38679122924805, 30.89622688293457
30.27358627319336, 31.830188751220703
34.11320877075195, 31.51886749267578
29.443397521972656, 31.10377311706543
32.867923736572266, 31.933961868286133
28.40566062927246, 30.79245376586914
31.51886749267578, 32.45283126831055
33.594337463378906, 30.58490562438965
30.79245376586914, 31.830188751220703
33.38679122924805, 29.754716873168945
29.858489990234375, 31.622642517089844
32.141510009765625, 30.48113250732422
28.820755004882812, 31.311321258544922
32.349056243896484, 33.28302001953125
33.69811248779297, 31.830188751220703
30.688678741455078, 33.17924499511719
33.69811248779297, 31.20754623413086
29.754716873168945, 33.17924499511719
32.45283126831055, 32.03773498535156
28.40566062927246, 32.556602478027344
30.688678741455078, 31.830188751220703
33.69811248779297, 31.830188751220703
29.858489990234375, 31.72641372680664
32.867923736572266, 31.72641372680664
29.339622497558594, 32.24528503417969
32.349056243896484, 32.03773498535156
27.679244995117188, 31.41509437561035
30.377357482910156, 32.349056243896484
33.69811248779297, 31.20754623413086
29.858489990234375, 32.45283126831055
32.867923736572266, 31.72641372680664
27.679244995117188, 31.41509437561035
31.41509437561035, 31.830188751220703
33.38679122924805, 31.830188751220703
29.858489990234375, 32.45283126831055
33.69811248779297, 31.20754623413086
29.339622497558594, 32.24528503417969
32.349056243896484, 32.03773498535156
27.679244995117188, 31.41509437561035
30.377357482910156, 32.349056243896484
33.69811248779297, 31.20754623413086
29.858489990234375, 32.45283126831055
31.830188751220703, 30.48113250732422
27.056604385375977, 30.89622688293457
30.377357482910156, 30.58490562438965
32.867923736572266, 30.688678741455078
29.028301239013672, 31.51886749267578
31.830188751220703, 30.48113250732422
28.613208770751953, 31.830188751220703
30.377357482910156, 30.58490562438965
32.867923736572266, 30.688678741455078
29.028301239013672, 31.51886749267578
32.660377502441406, 30.377357482910156
28.613208770751953, 31.830188751220703
31.20754623413086, 30.79245376586914
27.056604385375977, 30.89622688293457
29.443397521972656, 31.41509437561035
32.660377502441406, 30.377357482910156
28.613208770751953, 31.830188751220703
31.20754623413086, 30.79245376586914
27.056604385375977, 30.89622688293457
29.443397521972656, 31.41509437561035
32.660377502441406, 30.377357482910156
27.367923736572266, 29.132076263427734
29.028301239013672, 27.99056625366211
26.226415634155273, 28.40566062927246
27.679244995117188, 28.820755004882812
30.48113250732422, 27.78302001953125
27.367923736572266, 29.132076263427734
29.028301239013672, 27.99056625366211
26.226415634155273, 28.40566062927246
27.679244995117188, 28.820755004882812
30.48113250732422, 27.78302001953125
27.367923736572266, 29.132076263427734
29.028301239013672, 27.99056625366211
26.226415634155273, 28.40566062927246
46.6129035949707, 46.209678649902344
46.00806427001953, 44.79838562011719
48.024192810058594, 46.6129035949707
46.209678649902344, 44.79838562011719
44.19355010986328, 40.967742919921875
44.19355010986328, 40.967742919921875
42.17742156982422, 40.161293029785156
42.17742156982422, 40.161293029785156
32.570533752441406, 34.122257232666016
32.6175537109375, 34.26332092285156
32.6175537109375, 33.134796142578125
32.66457748413086, 31.630094528198242
33.98119354248047, 32.33542251586914
33.88714599609375, 32.99372863769531
33.416927337646484, 32.6175537109375
33.7460823059082, 33.134796142578125
32.94670867919922, 32.94670867919922
30.172412872314453, 32.24137878417969
31.630094528198242, 33.699058532714844
32.94670867919922, 33.60501480102539
33.08777618408203, 33.93416976928711
32.6175537109375, 34.63949966430664
32.6175537109375, 33.134796142578125
32.24137878417969, 32.66457748413086
31.53605079650879, 30.595611572265625
33.32288360595703, 31.112852096557617
33.65203857421875, 31.300941467285156
32.71159744262695, 31.583072662353516
32.429466247558594, 31.06583023071289
33.22883987426758, 32.194358825683594
32.805641174316406, 31.959247589111328
31.865203857421875, 31.865203857421875
31.06583023071289, 31.9122257232666
29.51410675048828, 31.9122257232666
31.724138259887695, 33.463951110839844
32.24137878417969, 33.60501480102539
32.99372863769531, 34.31034469604492
32.6175537109375, 34.686519622802734
32.429466247558594, 33.416927337646484
32.33542251586914, 32.52350997924805
31.53605079650879, 30.595611572265625
33.32288360595703, 31.112852096557617
32.805641174316406, 30.64263343811035
32.94670867919922, 31.724138259887695
32.805641174316406, 31.67711639404297
33.36990737915039, 31.489028930664062
32.99372863769531, 31.159873962402344
31.34796142578125, 31.489028930664062
33.463951110839844, 32.6175537109375
31.06583023071289, 31.9122257232666
32.33542251586914, 33.18181610107422
33.04075241088867, 32.75862121582031
31.9122257232666, 33.36990737915039
32.24137878417969, 33.32288360595703
32.24137878417969, 33.840126037597656
32.852664947509766, 33.27586364746094
33.32288360595703, 32.47649002075195
34.31034469604492, 32.852664947509766
34.122257232666016, 34.31034469604492
34.49843215942383, 32.429466247558594
34.122257232666016, 34.31034469604492
34.169281005859375, 31.9122257232666
33.93416976928711, 33.7460823059082
34.21630096435547, 32.66457748413086
33.463951110839844, 32.6175537109375
33.04075241088867, 32.6175537109375
31.06583023071289, 31.9122257232666
30.736677169799805, 32.89968490600586
31.630094528198242, 33.699058532714844
31.39498519897461, 33.08777618408203
31.9122257232666, 33.840126037597656
32.852664947509766, 33.27586364746094
32.6175537109375, 33.134796142578125
32.805641174316406, 31.39498519897461
33.840126037597656, 31.9122257232666
34.169281005859375, 31.9122257232666
33.840126037597656, 33.463951110839844
33.7931022644043, 31.9122257232666
33.463951110839844, 32.6175537109375
33.04075241088867, 32.6175537109375
31.959247589111328, 31.724138259887695
30.078369140625, 29.561128616333008
28.197492599487305, 29.3730411529541
27.915359497070312, 28.66771125793457
28.38558006286621, 29.51410675048828
28.620689392089844, 29.749216079711914
29.3730411529541, 29.984325408935547
29.09090805053711, 30.689655303955078
30.40752410888672, 31.9122257232666
30.78369903564453, 31.583072662353516
30.877742767333984, 31.442005157470703
30.64263343811035, 31.206897735595703
30.360502243041992, 31.865203857421875
30.501567840576172, 31.9122257232666
30.877742767333984, 30.172412872314453
30.830720901489258, 29.608150482177734
30.172412872314453, 29.09090805053711
31.771160125732422, 30.031347274780273
31.018808364868164, 29.27899742126465
31.39498519897461, 29.79623794555664
31.81818199157715, 31.583072662353516
32.00627136230469, 29.79623794555664
31.81818199157715, 30.5485897064209
31.583072662353516, 30.595611572265625
30.971786499023438, 30.313480377197266
30.5485897064209, 28.902820587158203
31.39498519897461, 29.420063018798828
30.266456604003906, 29.749216079711914
29.702194213867188, 29.3730411529541
27.586206436157227, 28.432601928710938
27.351097106933594, 27.82131576538086
27.351097106933594, 27.82131576538086
26.8338565826416, 27.445140838623047
26.8338565826416, 27.445140838623047
27.25705337524414, 28.10344886779785
27.86833953857422, 28.996864318847656
32.81431198120117, 32.659576416015625
32.969051361083984, 32.659576416015625
32.040618896484375, 32.427467346191406
32.659576416015625, 32.659576416015625
32.040618896484375, 32.427467346191406
31.73114013671875, 32.50483703613281
32.58220672607422, 32.50483703613281
31.73114013671875, 32.50483703613281
32.58220672607422, 32.50483703613281
31.73114013671875, 32.50483703613281
32.040618896484375, 32.35009765625
32.427467346191406, 31.96324920654297
31.34429359436035, 32.58220672607422
32.58220672607422, 32.11798858642578
31.34429359436035, 32.58220672607422
31.808509826660156, 32.427467346191406
32.040618896484375, 32.50483703613281
32.19535827636719, 33.1237907409668
32.272727966308594, 32.58220672607422
32.272727966308594, 32.58220672607422
32.35009765625, 32.50483703613281
32.50483703613281, 32.659576416015625
32.58220672607422, 32.272727966308594
32.427467346191406, 32.11798858642578
32.35009765625, 32.427467346191406
32.58220672607422, 32.427467346191406
32.58220672607422, 32.35009765625
32.58220672607422, 32.35009765625
32.58220672607422, 32.35009765625
32.659576416015625, 32.040618896484375
33.27853012084961, 31.885879516601562
32.89168167114258, 32.35009765625
33.43326950073242, 32.272727966308594
33.82011413574219, 32.58220672607422
33.82011413574219, 32.736942291259766
34.12959289550781, 32.58220672607422
34.12959289550781, 32.58220672607422
34.284332275390625, 32.58220672607422
34.284332275390625, 32.58220672607422
33.897483825683594, 32.272727966308594
33.66537857055664, 32.272727966308594
32.19535827636719, 31.885879516601562
30.957447052001953, 31.73114013671875
30.80270767211914, 31.34429359436035
30.338491439819336, 30.647968292236328
36.701568603515625, 44.937171936035156
46.319374084472656, 32.382198333740234
36.701568603515625, 44.937171936035156
46.319374084472656, 32.382198333740234
31.575916290283203, 44.76439666748047
46.319374084472656, 32.382198333740234
31.575916290283203, 44.76439666748047
46.319374084472656, 32.382198333740234
33.4764404296875, 43.61256408691406
46.54973602294922, 30.94240951538086
34.16754150390625, 45.801048278808594
48.507850646972656, 31.46073341369629
36.06806182861328, 44.130889892578125
48.507850646972656, 31.46073341369629
36.06806182861328, 44.130889892578125
47.81675338745117, 29.50261688232422
36.06806182861328, 44.130889892578125
47.81675338745117, 29.50261688232422
36.06806182861328, 41.596858978271484
47.81675338745117, 29.50261688232422
36.06806182861328, 41.596858978271484
45.68586349487305, 27.71727752685547
36.06806182861328, 41.596858978271484
45.68586349487305, 27.71727752685547
42.92146682739258, 38.65968322753906
26.680627822875977, 42.5759162902832
42.92146682739258, 38.65968322753906
26.680627822875977, 42.5759162902832
43.20942687988281, 42.057594299316406
26.27748680114746, 43.151832580566406
40.675392150878906, 45.109947204589844
48.507850646972656, 31.46073341369629
40.675392150878906, 45.109947204589844
48.507850646972656, 31.46073341369629
43.20942687988281, 42.057594299316406
26.27748680114746, 43.151832580566406
40.675392150878906, 45.109947204589844
48.507850646972656, 31.46073341369629
40.675392150878906, 45.109947204589844
48.507850646972656, 31.46073341369629
43.20942687988281, 42.057594299316406
26.27748680114746, 43.151832580566406
40.675392150878906, 45.109947204589844
48.507850646972656, 31.46073341369629
43.20942687988281, 42.057594299316406
25.413612365722656, 42.51832580566406
36.75916290283203, 46.664920806884766
47.413612365722656, 32.95811462402344
40.675392150878906, 45.109947204589844
48.507850646972656, 31.46073341369629
43.20942687988281, 42.057594299316406
26.27748680114746, 43.151832580566406
40.675392150878906, 45.109947204589844
47.413612365722656, 32.95811462402344
40.675392150878906, 45.109947204589844
48.507850646972656, 31.46073341369629
43.20942687988281, 42.057594299316406
26.27748680114746, 43.151832580566406
40.675392150878906, 45.109947204589844
47.413612365722656, 32.95811462402344
40.675392150878906, 45.109947204589844
48.507850646972656, 31.46073341369629
43.20942687988281, 42.057594299316406
25.413612365722656, 42.51832580566406
36.75916290283203, 46.664920806884766
47.413612365722656, 32.95811462402344
40.675392150878906, 45.109947204589844
48.507850646972656, 31.46073341369629
43.20942687988281, 42.057594299316406
25.413612365722656, 42.51832580566406
36.75916290283203, 46.664920806884766
47.413612365722656, 32.95811462402344
40.675392150878906, 45.109947204589844
48.507850646972656, 31.46073341369629
32.78533935546875, 45.74345397949219
47.47120666503906, 31.691099166870117
34.858638763427734, 44.821990966796875
47.586387634277344, 30.02094268798828
34.858638763427734, 44.821990966796875
47.586387634277344, 30.02094268798828
42.057594299316406, 39.869110107421875
25.816753387451172, 42.345550537109375
41.4240837097168, 42.69110107421875
47.47120666503906, 31.691099166870117
41.4240837097168, 42.69110107421875
47.586387634277344, 30.02094268798828
41.4240837097168, 42.69110107421875
47.586387634277344, 30.02094268798828
42.057594299316406, 39.869110107421875
26.27748680114746, 42.23036575317383
41.4240837097168, 42.69110107421875
47.586387634277344, 30.02094268798828
41.4240837097168, 42.69110107421875
47.586387634277344, 30.02094268798828
42.057594299316406, 39.869110107421875
26.27748680114746, 42.23036575317383
41.4240837097168, 42.69110107421875
47.586387634277344, 30.02094268798828
42.057594299316406, 39.869110107421875
26.27748680114746, 42.23036575317383
41.4240837097168, 42.69110107421875
47.586387634277344, 30.02094268798828
42.057594299316406, 39.869110107421875
25.816753387451172, 42.345550537109375
41.4240837097168, 42.69110107421875
47.586387634277344, 30.02094268798828
41.4240837097168, 42.69110107421875
47.586387634277344, 30.02094268798828
42.057594299316406, 39.869110107421875
31.115182876586914, 45.801048278808594
44.879581451416016, 39.40837860107422
30.25130844116211, 46.37696075439453
44.879581451416016, 39.40837860107422
30.25130844116211, 46.37696075439453
42.403141021728516, 41.82722473144531
28.753925323486328, 45.68586349487305
38.48691177368164, 43.20942687988281
43.439788818359375, 27.371726989746094
42.403141021728516, 41.82722473144531
28.753925323486328, 45.68586349487305
38.48691177368164, 43.20942687988281
43.439788818359375, 27.371726989746094
42.403141021728516, 41.82722473144531
28.753925323486328, 45.68586349487305
38.48691177368164, 43.20942687988281
45.628273010253906, 32.78533935546875
38.54450225830078, 45.0523567199707
47.47120666503906, 31.691099166870117
41.4240837097168, 42.69110107421875
47.586387634277344, 30.02094268798828
42.057594299316406, 39.869110107421875
31.115182876586914, 45.801048278808594
44.879581451416016, 39.40837860107422
30.25130844116211, 46.37696075439453
42.403141021728516, 41.82722473144531
28.753925323486328, 45.68586349487305
38.48691177368164, 43.20942687988281
43.439788818359375, 27.371726989746094
42.403141021728516, 41.82722473144531
28.753925323486328, 45.68586349487305
38.48691177368164, 43.20942687988281
45.628273010253906, 32.78533935546875
42.403141021728516, 41.82722473144531
28.753925323486328, 45.68586349487305
38.48691177368164, 43.20942687988281
45.628273010253906, 32.78533935546875
38.54450225830078, 45.0523567199707
47.47120666503906, 31.691099166870117
41.4240837097168, 42.69110107421875
47.586387634277344, 30.02094268798828
42.057594299316406, 39.869110107421875
31.115182876586914, 45.801048278808594
44.879581451416016, 39.40837860107422
30.25130844116211, 46.37696075439453
42.403141021728516, 41.82722473144531
28.753925323486328, 45.68586349487305
38.48691177368164, 43.20942687988281
44.30366516113281, 26.853403091430664
42.403141021728516, 41.82722473144531
28.753925323486328, 45.68586349487305
42.403141021728516, 41.82722473144531
28.753925323486328, 45.68586349487305
38.48691177368164, 43.20942687988281
45.628273010253906, 32.78533935546875
38.54450225830078, 45.0523567199707
47.47120666503906, 31.691099166870117
38.54450225830078, 45.0523567199707
47.47120666503906, 31.691099166870117
41.4240837097168, 42.69110107421875
47.586387634277344, 30.02094268798828
42.057594299316406, 39.869110107421875
31.115182876586914, 45.801048278808594
44.879581451416016, 39.40837860107422
30.25130844116211, 46.37696075439453
42.403141021728516, 41.82722473144531
28.753925323486328, 45.68586349487305
42.403141021728516, 41.82722473144531
28.753925323486328, 45.68586349487305
38.48691177368164, 43.20942687988281
45.628273010253906, 32.78533935546875
38.54450225830078, 45.0523567199707
47.47120666503906, 31.691099166870117
38.54450225830078, 45.0523567199707
47.47120666503906, 31.691099166870117
41.4240837097168, 42.69110107421875
47.586387634277344, 30.02094268798828
42.057594299316406, 39.869110107421875
31.115182876586914, 45.801048278808594
44.879581451416016, 39.40837860107422
30.25130844116211, 46.37696075439453
42.403141021728516, 41.82722473144531
28.753925323486328, 45.68586349487305
42.403141021728516, 41.82722473144531
28.753925323486328, 45.68586349487305
38.48691177368164, 43.20942687988281
43.439788818359375, 27.371726989746094
42.403141021728516, 41.82722473144531
28.753925323486328, 45.68586349487305
34.45549774169922, 45.68586349487305
45.628273010253906, 32.78533935546875
38.54450225830078, 45.0523567199707
47.47120666503906, 31.691099166870117
38.54450225830078, 45.0523567199707
47.47120666503906, 31.691099166870117
41.4240837097168, 42.69110107421875
47.586387634277344, 30.02094268798828
42.057594299316406, 39.869110107421875
31.115182876586914, 45.801048278808594
44.879581451416016, 39.40837860107422
30.25130844116211, 46.37696075439453
42.403141021728516, 41.82722473144531
28.753925323486328, 45.68586349487305
42.403141021728516, 41.82722473144531
28.753925323486328, 45.68586349487305
38.48691177368164, 43.20942687988281
45.628273010253906, 32.78533935546875
38.54450225830078, 45.0523567199707
47.47120666503906, 31.691099166870117
38.54450225830078, 45.0523567199707
47.47120666503906, 31.691099166870117
41.4240837097168, 42.69110107421875
47.586387634277344, 30.02094268798828
42.057594299316406, 39.869110107421875
31.115182876586914, 45.801048278808594
44.879581451416016, 39.40837860107422
30.25130844116211, 46.37696075439453
42.403141021728516, 41.82722473144531
28.753925323486328, 45.68586349487305
38.48691177368164, 43.20942687988281
45.628273010253906, 32.78533935546875
38.54450225830078, 45.0523567199707
47.47120666503906, 31.691099166870117
41.4240837097168, 42.69110107421875
47.586387634277344, 30.02094268798828
45.16754150390625, 36.413612365722656
31.115182876586914, 45.801048278808594
44.879581451416016, 39.40837860107422
30.25130844116211, 46.37696075439453
42.403141021728516, 41.82722473144531
28.753925323486328, 45.68586349487305
38.48691177368164, 43.20942687988281
44.30366516113281, 26.853403091430664
42.403141021728516, 41.82722473144531
28.753925323486328, 45.68586349487305
42.403141021728516, 41.82722473144531
28.753925323486328, 45.68586349487305
38.48691177368164, 43.20942687988281
45.628273010253906, 32.78533935546875
38.54450225830078, 45.0523567199707
47.47120666503906, 31.691099166870117
41.4240837097168, 42.69110107421875
47.47120666503906, 31.691099166870117
41.4240837097168, 42.69110107421875
47.586387634277344, 30.02094268798828
45.16754150390625, 36.413612365722656
31.115182876586914, 45.801048278808594
44.879581451416016, 39.40837860107422
30.25130844116211, 46.37696075439453
44.879581451416016, 39.40837860107422
30.25130844116211, 46.37696075439453
42.403141021728516, 41.82722473144531
28.753925323486328, 45.68586349487305
38.48691177368164, 43.20942687988281
43.439788818359375, 27.371726989746094
42.403141021728516, 41.82722473144531
28.753925323486328, 45.68586349487305
38.48691177368164, 43.20942687988281
45.628273010253906, 32.78533935546875
38.54450225830078, 45.0523567199707
47.47120666503906, 31.691099166870117
41.4240837097168, 42.69110107421875
47.586387634277344, 30.02094268798828
41.4240837097168, 42.69110107421875
47.586387634277344, 30.02094268798828
45.16754150390625, 36.413612365722656
31.115182876586914, 45.801048278808594
45.16754150390625, 36.413612365722656
31.115182876586914, 45.801048278808594
44.879581451416016, 39.40837860107422
30.25130844116211, 46.37696075439453
42.403141021728516, 41.82722473144531
28.753925323486328, 45.68586349487305
38.48691177368164, 43.20942687988281
43.439788818359375, 27.371726989746094
42.403141021728516, 41.82722473144531
28.753925323486328, 45.68586349487305
42.403141021728516, 41.82722473144531
28.753925323486328, 45.68586349487305
38.48691177368164, 43.20942687988281
43.439788818359375, 27.371726989746094
42.403141021728516, 41.82722473144531
28.753925323486328, 45.68586349487305
38.48691177368164, 43.20942687988281
45.628273010253906, 32.78533935546875
38.54450225830078, 45.0523567199707
47.47120666503906, 31.691099166870117
41.4240837097168, 42.69110107421875
47.586387634277344, 30.02094268798828
41.4240837097168, 42.69110107421875
47.586387634277344, 30.02094268798828
45.16754150390625, 36.413612365722656
31.115182876586914, 45.801048278808594
44.879581451416016, 39.40837860107422
30.25130844116211, 46.37696075439453
44.879581451416016, 39.40837860107422
30.25130844116211, 46.37696075439453
42.403141021728516, 41.82722473144531
28.753925323486328, 45.68586349487305
38.48691177368164, 43.20942687988281
43.439788818359375, 27.371726989746094
42.403141021728516, 41.82722473144531
28.753925323486328, 45.68586349487305
38.48691177368164, 43.20942687988281
43.439788818359375, 27.371726989746094
42.403141021728516, 41.82722473144531
28.753925323486328, 45.68586349487305
38.48691177368164, 43.20942687988281
43.439788818359375, 27.371726989746094
42.403141021728516, 41.82722473144531
28.753925323486328, 45.68586349487305
38.48691177368164, 43.20942687988281
47.47120666503906, 31.691099166870117
38.54450225830078, 45.0523567199707
47.47120666503906, 31.691099166870117
41.4240837097168, 42.69110107421875
47.586387634277344, 30.02094268798828
45.16754150390625, 36.413612365722656
31.115182876586914, 45.801048278808594
44.879581451416016, 39.40837860107422
30.25130844116211, 46.37696075439453
42.403141021728516, 41.82722473144531
30.25130844116211, 46.37696075439453
42.403141021728516, 41.82722473144531
28.753925323486328, 45.68586349487305
38.48691177368164, 43.20942687988281
43.439788818359375, 27.371726989746094
42.403141021728516, 41.82722473144531
28.753925323486328, 45.68586349487305
38.48691177368164, 43.20942687988281
45.628273010253906, 32.78533935546875
38.54450225830078, 45.0523567199707
47.47120666503906, 31.691099166870117
41.4240837097168, 42.69110107421875
47.586387634277344, 30.02094268798828
41.4240837097168, 42.69110107421875
47.586387634277344, 30.02094268798828
45.16754150390625, 36.413612365722656
31.115182876586914, 45.801048278808594
44.879581451416016, 39.40837860107422
31.115182876586914, 45.801048278808594
44.879581451416016, 39.40837860107422
30.25130844116211, 46.37696075439453
42.403141021728516, 41.82722473144531
28.753925323486328, 45.68586349487305
38.48691177368164, 43.20942687988281
43.439788818359375, 27.371726989746094
42.403141021728516, 41.82722473144531
28.753925323486328, 45.68586349487305
42.403141021728516, 41.82722473144531
28.753925323486328, 45.68586349487305
38.48691177368164, 43.20942687988281
43.439788818359375, 27.371726989746094
42.403141021728516, 41.82722473144531
28.753925323486328, 45.68586349487305
38.48691177368164, 43.20942687988281
45.628273010253906, 32.78533935546875
38.54450225830078, 45.0523567199707
47.47120666503906, 31.691099166870117
41.4240837097168, 42.69110107421875
47.586387634277344, 30.02094268798828
41.4240837097168, 42.69110107421875
47.586387634277344, 30.02094268798828
42.057594299316406, 39.869110107421875
31.115182876586914, 45.801048278808594
44.879581451416016, 39.40837860107422
30.25130844116211, 46.37696075439453
44.879581451416016, 39.40837860107422
30.25130844116211, 46.37696075439453
42.403141021728516, 41.82722473144531
28.753925323486328, 45.68586349487305
38.48691177368164, 43.20942687988281
43.439788818359375, 27.371726989746094
42.403141021728516, 41.82722473144531
28.753925323486328, 45.68586349487305
38.48691177368164, 43.20942687988281
45.628273010253906, 32.78533935546875
38.54450225830078, 45.0523567199707
47.47120666503906, 31.691099166870117
41.4240837097168, 42.69110107421875
47.586387634277344, 30.02094268798828
41.4240837097168, 42.69110107421875
47.586387634277344, 30.02094268798828
45.16754150390625, 36.413612365722656
31.115182876586914, 45.801048278808594
44.879581451416016, 39.40837860107422
30.25130844116211, 46.37696075439453
44.879581451416016, 39.40837860107422
30.25130844116211, 46.37696075439453
42.403141021728516, 41.82722473144531
28.753925323486328, 45.68586349487305
38.48691177368164, 43.20942687988281
43.439788818359375, 27.371726989746094
42.403141021728516, 41.82722473144531
28.753925323486328, 45.68586349487305
38.48691177368164, 43.20942687988281
43.439788818359375, 27.371726989746094
42.403141021728516, 41.82722473144531
28.753925323486328, 45.68586349487305
38.48691177368164, 43.20942687988281
43.439788818359375, 27.371726989746094
42.403141021728516, 41.82722473144531
28.753925323486328, 45.68586349487305
38.48691177368164, 43.20942687988281
45.628273010253906, 32.78533935546875
38.54450225830078, 45.0523567199707
47.47120666503906, 31.691099166870117
41.4240837097168, 42.69110107421875
47.586387634277344, 30.02094268798828
45.16754150390625, 36.413612365722656
31.115182876586914, 45.801048278808594
44.879581451416016, 39.40837860107422
30.25130844116211, 46.37696075439453
42.403141021728516, 41.82722473144531
28.753925323486328, 45.68586349487305
42.403141021728516, 41.82722473144531
28.753925323486328, 45.68586349487305
38.48691177368164, 43.20942687988281
43.439788818359375, 27.371726989746094
42.403141021728516, 41.82722473144531
28.753925323486328, 45.68586349487305
34.45549774169922, 45.68586349487305
45.628273010253906, 32.78533935546875
38.54450225830078, 45.0523567199707
47.47120666503906, 31.691099166870117
38.54450225830078, 45.0523567199707
47.47120666503906, 31.691099166870117
41.4240837097168, 42.69110107421875
47.586387634277344, 30.02094268798828
42.057594299316406, 39.869110107421875
31.115182876586914, 45.801048278808594
44.879581451416016, 39.40837860107422
30.25130844116211, 46.37696075439453
42.403141021728516, 41.82722473144531
28.753925323486328, 45.68586349487305
42.403141021728516, 41.82722473144531
28.753925323486328, 45.68586349487305
38.48691177368164, 43.20942687988281
45.628273010253906, 32.78533935546875
38.54450225830078, 45.0523567199707
47.47120666503906, 31.691099166870117
38.54450225830078, 45.0523567199707
47.47120666503906, 31.691099166870117
41.4240837097168, 42.69110107421875
47.586387634277344, 30.02094268798828
42.057594299316406, 39.869110107421875
31.115182876586914, 45.801048278808594
44.879581451416016, 39.40837860107422
30.25130844116211, 46.37696075439453
42.403141021728516, 41.82722473144531
28.753925323486328, 45.68586349487305
38.48691177368164, 43.20942687988281
43.439788818359375, 27.371726989746094
42.403141021728516, 41.82722473144531
28.753925323486328, 45.68586349487305
38.48691177368164, 43.20942687988281
45.628273010253906, 32.78533935546875
38.54450225830078, 45.0523567199707
47.47120666503906, 31.691099166870117
41.4240837097168, 42.69110107421875
47.586387634277344, 30.02094268798828
45.16754150390625, 36.413612365722656
31.115182876586914, 45.801048278808594
44.879581451416016, 39.40837860107422
30.25130844116211, 46.37696075439453
42.403141021728516, 41.82722473144531
28.753925323486328, 45.68586349487305
42.403141021728516, 41.82722473144531
28.753925323486328, 45.68586349487305
38.48691177368164, 43.20942687988281
43.439788818359375, 27.371726989746094
42.403141021728516, 41.82722473144531
28.753925323486328, 45.68586349487305
38.48691177368164, 43.20942687988281
45.628273010253906, 32.78533935546875
38.54450225830078, 45.0523567199707
47.47120666503906, 31.691099166870117
41.4240837097168, 42.69110107421875
47.586387634277344, 30.02094268798828
41.4240837097168, 42.69110107421875
47.586387634277344, 30.02094268798828
39.29319381713867, 38.141361236572266
29.560209274291992, 42.86387634277344
44.879581451416016, 39.40837860107422
30.25130844116211, 46.37696075439453
42.403141021728516, 41.82722473144531
30.25130844116211, 46.37696075439453
42.403141021728516, 41.82722473144531
28.753925323486328, 45.68586349487305
38.48691177368164, 43.20942687988281
75.0, 75.0
75.0, 75.0
75.0, 75.0
75.0, 75.0
69.14634704589844, 75.0
51.09756088256836, 75.0
65.24390411376953, 75.0
65.24390411376953, 75.0
75.0, 75.0
65.24390411376953, 75.0
68.17073059082031, 75.0
75.0, 75.0
68.17073059082031, 75.0
61.341461181640625, 75.0
68.17073059082031, 75.0
55.4878044128418, 68.65853881835938
55.4878044128418, 68.65853881835938
67.68292236328125, 68.65853881835938
67.68292236328125, 68.65853881835938
67.68292236328125, 68.65853881835938
67.68292236328125, 68.65853881835938
62.317073822021484, 56.463417053222656
55.975608825683594, 55.0
50.121952056884766, 53.04878234863281
47.19512176513672, 49.146339416503906
47.19512176513672, 49.146339416503906
47.19512176513672, 49.146339416503906
40.77720260620117, 40.23316192626953
39.32642364501953, 40.95854949951172
40.41450881958008, 40.41450881958008
37.875648498535156, 40.77720260620117
40.23316192626953, 39.87046813964844
37.875648498535156, 40.595855712890625
40.77720260620117, 39.507774353027344
37.875648498535156, 40.595855712890625
40.595855712890625, 39.507774353027344
37.875648498535156, 40.595855712890625
40.77720260620117, 38.78238296508789
38.4196891784668, 40.23316192626953
40.595855712890625, 38.96372985839844
38.4196891784668, 40.23316192626953
40.595855712890625, 38.96372985839844
38.4196891784668, 40.23316192626953
38.96372985839844, 39.507774353027344
39.507774353027344, 38.601036071777344
38.0569953918457, 39.145076751708984
38.4196891784668, 38.78238296508789
40.41450881958008, 38.601036071777344
38.0569953918457, 38.601036071777344
40.77720260620117, 39.145076751708984
37.875648498535156, 40.595855712890625
40.77720260620117, 40.05181121826172
37.15026092529297, 40.23316192626953
40.05181121826172, 40.41450881958008
41.32124328613281, 40.77720260620117
39.32642364501953, 40.595855712890625
42.409324645996094, 40.05181121826172
39.507774353027344, 40.41450881958008
41.683937072753906, 39.87046813964844
38.78238296508789, 40.05181121826172
40.05181121826172, 40.23316192626953
41.50259017944336, 40.05181121826172
39.507774353027344, 40.77720260620117
41.86528778076172, 40.41450881958008
39.507774353027344, 41.139896392822266
40.595855712890625, 40.77720260620117
42.409324645996094, 40.95854949951172
40.05181121826172, 40.95854949951172
42.409324645996094, 42.046630859375
40.05181121826172, 42.409324645996094
42.409324645996094, 42.590675354003906
42.77201843261719, 42.22798156738281
40.95854949951172, 43.13471221923828
42.22798156738281, 41.50259017944336
40.41450881958008, 42.953369140625
42.409324645996094, 42.590675354003906
42.77201843261719, 41.683937072753906
40.95854949951172, 43.13471221923828
42.22798156738281, 41.50259017944336
42.046630859375, 45.492225646972656
43.49740982055664, 44.58549499511719
43.67875671386719, 44.04145050048828
44.58549499511719, 44.76683807373047
44.58549499511719, 44.76683807373047
44.58549499511719, 44.76683807373047
44.58549499511719, 44.76683807373047
44.58549499511719, 44.76683807373047
43.316062927246094, 44.04145050048828
43.316062927246094, 43.67875671386719
42.77201843261719, 44.04145050048828
49.119171142578125, 49.30051803588867
51.839378356933594, 53.10881042480469
32.71428680419922, 33.0
32.71428680419922, 32.35714340209961
32.42857360839844, 33.35714340209961
32.71428680419922, 32.78571319580078
33.14285659790039, 32.5
32.71428680419922, 32.5
32.78571319580078, 32.92857360839844
32.71428680419922, 32.5
32.78571319580078, 32.92857360839844
32.85714340209961, 32.85714340209961
32.78571319580078, 32.92857360839844
32.85714340209961, 32.85714340209961
32.78571319580078, 32.92857360839844
32.85714340209961, 32.85714340209961
32.78571319580078, 32.92857360839844
32.85714340209961, 32.85714340209961
32.78571319580078, 32.35714340209961
32.57142639160156, 32.85714340209961
33.78571319580078, 33.5
32.57142639160156, 32.85714340209961
33.78571319580078, 33.5
32.57142639160156, 32.85714340209961
32.92857360839844, 33.35714340209961
33.0, 32.78571319580078
33.78571319580078, 33.5
32.57142639160156, 32.85714340209961
32.92857360839844, 33.35714340209961
33.0, 32.78571319580078
33.78571319580078, 33.5
32.57142639160156, 32.85714340209961
32.92857360839844, 33.35714340209961
33.0, 32.78571319580078
33.78571319580078, 33.5
32.57142639160156, 32.85714340209961
32.92857360839844, 33.35714340209961
33.0, 32.78571319580078
33.78571319580078, 33.5
32.71428680419922, 32.92857360839844
32.92857360839844, 33.35714340209961
33.0, 32.78571319580078
33.78571319580078, 33.5
32.71428680419922, 32.92857360839844
32.92857360839844, 33.35714340209961
33.0, 32.78571319580078
33.78571319580078, 33.5
32.71428680419922, 32.92857360839844
33.78571319580078, 33.5
32.71428680419922, 32.92857360839844
32.35714340209961, 32.85714340209961
33.0, 32.78571319580078
33.0, 33.0
32.71428680419922, 32.92857360839844
32.35714340209961, 32.85714340209961
33.07142639160156, 33.28571319580078
33.0, 32.35714340209961
32.5, 31.78571319580078
32.64285659790039, 31.928571701049805
32.07142639160156, 31.5
32.21428680419922, 32.28571319580078
31.928571701049805, 31.71428680419922
32.64285659790039, 33.28571319580078
32.28571319580078, 32.57142639160156
32.35714340209961, 32.85714340209961
33.0, 32.78571319580078
33.0, 33.0
32.71428680419922, 32.92857360839844
33.0, 33.0
32.71428680419922, 32.92857360839844
33.0, 33.0
32.71428680419922, 32.92857360839844
33.0, 33.0
32.71428680419922, 32.92857360839844
33.0, 33.0
32.71428680419922, 32.92857360839844
32.35714340209961, 32.85714340209961
33.07142639160156, 33.28571319580078
33.0, 32.35714340209961
33.07142639160156, 32.71428680419922
33.5, 33.07142639160156
32.14285659790039, 32.42857360839844
32.92857360839844, 32.35714340209961
32.14285659790039, 32.42857360839844
32.92857360839844, 32.35714340209961
32.14285659790039, 32.42857360839844
32.92857360839844, 32.35714340209961
32.14285659790039, 32.42857360839844
32.92857360839844, 32.35714340209961
32.14285659790039, 32.42857360839844
32.78571319580078, 32.21428680419922
32.14285659790039, 32.42857360839844
32.78571319580078, 32.21428680419922
31.85714340209961, 31.928571701049805
32.78571319580078, 32.21428680419922
31.85714340209961, 31.28571319580078
32.35714340209961, 32.14285659790039
32.71428680419922, 32.0
31.5, 33.0
32.85714340209961, 33.14285659790039
31.85714340209961, 32.14285659790039
31.571428298950195, 30.85714340209961
32.28571319580078, 32.5
31.571428298950195, 30.85714340209961
32.28571319580078, 32.5
31.571428298950195, 30.85714340209961
32.35714340209961, 32.0
32.92857360839844, 32.78571319580078
31.85714340209961, 32.78571319580078
32.92857360839844, 32.78571319580078
31.14285659790039, 32.71428680419922
32.35714340209961, 32.85714340209961
31.71428680419922, 31.0
32.35714340209961, 32.85714340209961
31.71428680419922, 31.0
31.928571701049805, 32.14285659790039
31.071428298950195, 31.85714340209961
30.071428298950195, 31.0
32.5, 32.71428680419922
32.85714340209961, 32.92857360839844
32.21428680419922, 31.0
32.57142639160156, 32.21428680419922
31.28571319580078, 31.5
31.28571319580078, 31.5
30.85714340209961, 30.35714340209961
31.28571319580078, 31.5
30.85714340209961, 30.35714340209961
31.28571319580078, 31.5
36.10790252685547, 39.28709030151367
40.34682083129883, 35.578033447265625
31.974952697753906, 38.439308166503906
36.425819396972656, 39.81695556640625
36.319847106933594, 29.961463928222656
37.90943908691406, 34.62427520751953
35.04816818237305, 38.757225036621094
37.90943908691406, 34.62427520751953
37.37957763671875, 37.591522216796875
38.01541519165039, 29.855491638183594
37.37957763671875, 37.591522216796875
38.01541519165039, 29.855491638183594
37.37957763671875, 37.591522216796875
38.333335876464844, 27.312137603759766
41.618499755859375, 33.988441467285156
36.743736267089844, 39.18111801147461
41.618499755859375, 33.988441467285156
36.743736267089844, 39.18111801147461
39.605010986328125, 38.01541519165039
34.306358337402344, 39.28709030151367
39.605010986328125, 38.01541519165039
34.306358337402344, 39.28709030151367
36.10790252685547, 39.28709030151367
40.34682083129883, 35.578033447265625
36.10790252685547, 39.28709030151367
40.34682083129883, 35.578033447265625
39.605010986328125, 38.01541519165039
34.306358337402344, 39.28709030151367
36.10790252685547, 39.28709030151367
40.34682083129883, 35.578033447265625
36.10790252685547, 39.28709030151367
40.34682083129883, 35.578033447265625
35.04816818237305, 38.757225036621094
38.96916961669922, 31.127166748046875
35.04816818237305, 38.757225036621094
38.96916961669922, 31.127166748046875
35.04816818237305, 38.757225036621094
38.96916961669922, 31.127166748046875
37.37957763671875, 37.591522216796875
38.333335876464844, 27.312137603759766
41.618499755859375, 33.988441467285156
36.743736267089844, 39.18111801147461
39.605010986328125, 38.01541519165039
34.306358337402344, 39.28709030151367
39.605010986328125, 38.01541519165039
34.306358337402344, 39.28709030151367
36.10790252685547, 39.28709030151367
40.34682083129883, 35.578033447265625
39.605010986328125, 38.01541519165039
31.021194458007812, 37.48554992675781
36.10790252685547, 39.28709030151367
40.34682083129883, 35.578033447265625
36.10790252685547, 39.28709030151367
40.34682083129883, 35.578033447265625
35.04816818237305, 38.757225036621094
40.34682083129883, 35.578033447265625
35.04816818237305, 38.757225036621094
38.96916961669922, 31.127166748046875
33.140655517578125, 39.39306640625
39.605010986328125, 29.53757095336914
36.425819396972656, 38.333335876464844
39.605010986328125, 29.53757095336914
36.425819396972656, 38.333335876464844
39.28709030151367, 26.146434783935547
40.66474151611328, 33.6705207824707
34.412330627441406, 38.227359771728516
40.66474151611328, 33.6705207824707
34.412330627441406, 38.227359771728516
37.37957763671875, 37.591522216796875
39.605010986328125, 29.53757095336914
37.37957763671875, 37.591522216796875
39.605010986328125, 29.53757095336914
40.66474151611328, 33.6705207824707
34.412330627441406, 38.227359771728516
37.37957763671875, 37.591522216796875
39.605010986328125, 29.53757095336914
40.66474151611328, 33.6705207824707
34.412330627441406, 38.227359771728516
37.37957763671875, 37.591522216796875
39.605010986328125, 29.53757095336914
37.37957763671875, 37.591522216796875
39.605010986328125, 29.53757095336914
40.66474151611328, 33.6705207824707
34.412330627441406, 38.227359771728516
37.37957763671875, 37.591522216796875
39.605010986328125, 29.53757095336914
40.66474151611328, 33.6705207824707
34.412330627441406, 38.227359771728516
37.37957763671875, 37.591522216796875
39.605010986328125, 29.53757095336914
40.66474151611328, 33.6705207824707
34.412330627441406, 38.227359771728516
37.37957763671875, 37.591522216796875
39.28709030151367, 26.146434783935547
40.66474151611328, 33.6705207824707
34.412330627441406, 38.227359771728516
40.66474151611328, 33.6705207824707
34.412330627441406, 38.227359771728516
37.37957763671875, 37.591522216796875
39.605010986328125, 29.53757095336914
40.66474151611328, 33.6705207824707
34.412330627441406, 38.227359771728516
40.66474151611328, 33.6705207824707
34.412330627441406, 38.227359771728516
37.37957763671875, 37.591522216796875
39.605010986328125, 29.53757095336914
39.49903869628906, 29.219654083251953
34.412330627441406, 38.227359771728516
39.49903869628906, 29.219654083251953
34.412330627441406, 38.227359771728516
38.12138748168945, 32.9287109375
33.45857238769531, 36.319847106933594
38.12138748168945, 32.9287109375
33.45857238769531, 36.319847106933594
38.12138748168945, 32.9287109375
33.45857238769531, 36.319847106933594
33.140655517578125, 35.47206115722656
39.605010986328125, 29.53757095336914
38.12138748168945, 32.9287109375
33.45857238769531, 36.319847106933594
38.12138748168945, 32.9287109375
33.45857238769531, 36.319847106933594
38.12138748168945, 32.9287109375
33.45857238769531, 36.319847106933594
33.140655517578125, 35.47206115722656
39.605010986328125, 29.53757095336914
38.12138748168945, 32.9287109375
33.45857238769531, 36.319847106933594
38.12138748168945, 32.9287109375
33.45857238769531, 36.319847106933594
38.12138748168945, 32.9287109375
33.45857238769531, 36.319847106933594
33.140655517578125, 35.47206115722656
38.12138748168945, 32.61079025268555
38.12138748168945, 32.9287109375
31.23314094543457, 38.54528045654297
38.12138748168945, 32.9287109375
33.45857238769531, 36.319847106933594
33.140655517578125, 35.47206115722656
39.605010986328125, 29.53757095336914
38.12138748168945, 32.9287109375
31.23314094543457, 38.54528045654297
38.12138748168945, 32.9287109375
33.45857238769531, 36.319847106933594
38.12138748168945, 32.9287109375
33.45857238769531, 36.319847106933594
33.140655517578125, 35.47206115722656
38.12138748168945, 32.61079025268555
38.12138748168945, 32.9287109375
31.23314094543457, 38.54528045654297
38.12138748168945, 32.9287109375
31.23314094543457, 38.54528045654297
38.12138748168945, 32.9287109375
31.23314094543457, 38.54528045654297
33.140655517578125, 35.47206115722656
38.12138748168945, 32.61079025268555
38.12138748168945, 32.9287109375
31.23314094543457, 38.54528045654297
38.12138748168945, 32.9287109375
31.23314094543457, 38.54528045654297
33.140655517578125, 35.47206115722656
38.12138748168945, 32.61079025268555
38.12138748168945, 32.9287109375
31.23314094543457, 38.54528045654297
38.12138748168945, 32.9287109375
31.23314094543457, 38.54528045654297
33.140655517578125, 35.47206115722656
39.605010986328125, 29.53757095336914
37.37957763671875, 37.591522216796875
39.605010986328125, 29.53757095336914
39.49903869628906, 29.219654083251953
34.412330627441406, 38.227359771728516
39.49903869628906, 29.219654083251953
36.849708557128906, 35.154144287109375
31.23314094543457, 38.54528045654297
29.219654083251953, 34.51830291748047
36.319847106933594, 39.39306640625
38.12138748168945, 32.61079025268555
38.12138748168945, 32.9287109375
31.23314094543457, 38.54528045654297
33.140655517578125, 35.47206115722656
38.12138748168945, 32.61079025268555
38.12138748168945, 32.9287109375
31.23314094543457, 38.54528045654297
38.12138748168945, 32.9287109375
31.23314094543457, 38.54528045654297
33.140655517578125, 35.47206115722656
39.605010986328125, 29.53757095336914
38.12138748168945, 32.9287109375
31.23314094543457, 38.54528045654297
38.12138748168945, 32.9287109375
31.23314094543457, 38.54528045654297
38.12138748168945, 32.9287109375
31.23314094543457, 38.54528045654297
36.319847106933594, 39.39306640625
40.34682083129883, 35.578033447265625
37.37957763671875, 37.591522216796875
39.605010986328125, 29.53757095336914
39.49903869628906, 29.219654083251953
34.412330627441406, 38.227359771728516
38.12138748168945, 32.9287109375
34.412330627441406, 38.227359771728516
38.12138748168945, 32.9287109375
33.45857238769531, 36.319847106933594
38.12138748168945, 32.9287109375
33.45857238769531, 36.319847106933594
38.96916961669922, 35.68400573730469
37.48554992675781, 37.48554992675781
31.021194458007812, 37.48554992675781
31.021194458007812, 37.48554992675781
36.319847106933594, 39.39306640625
40.34682083129883, 35.578033447265625
36.10790252685547, 39.28709030151367
40.34682083129883, 35.578033447265625
36.10790252685547, 39.28709030151367
40.34682083129883, 35.578033447265625
39.605010986328125, 38.01541519165039
34.306358337402344, 39.28709030151367
39.605010986328125, 38.01541519165039
34.306358337402344, 39.28709030151367
36.10790252685547, 39.28709030151367
40.34682083129883, 35.578033447265625
39.605010986328125, 38.01541519165039
34.306358337402344, 39.28709030151367
36.10790252685547, 39.28709030151367
40.34682083129883, 35.578033447265625
37.37957763671875, 37.591522216796875
39.605010986328125, 29.53757095336914
40.66474151611328, 33.6705207824707
34.412330627441406, 38.227359771728516
37.37957763671875, 37.591522216796875
39.605010986328125, 29.53757095336914
40.66474151611328, 33.6705207824707
34.412330627441406, 38.227359771728516
37.37957763671875, 37.591522216796875
39.605010986328125, 29.53757095336914
40.66474151611328, 33.6705207824707
34.412330627441406, 38.227359771728516
40.66474151611328, 33.6705207824707
34.412330627441406, 38.227359771728516
37.37957763671875, 37.591522216796875
39.605010986328125, 29.53757095336914
40.66474151611328, 33.6705207824707
34.412330627441406, 38.227359771728516
39.49903869628906, 29.219654083251953
34.412330627441406, 38.227359771728516
38.12138748168945, 32.9287109375
31.23314094543457, 38.54528045654297
38.12138748168945, 32.9287109375
31.23314094543457, 38.54528045654297
38.96916961669922, 35.68400573730469
34.306358337402344, 39.28709030151367
36.319847106933594, 39.39306640625
40.34682083129883, 35.578033447265625
38.12138748168945, 32.9287109375
31.23314094543457, 38.54528045654297
38.96916961669922, 35.68400573730469
34.306358337402344, 39.28709030151367
36.319847106933594, 39.39306640625
38.96916961669922, 31.127166748046875
38.12138748168945, 32.9287109375
31.23314094543457, 38.54528045654297
38.96916961669922, 35.68400573730469
34.306358337402344, 39.28709030151367
38.96916961669922, 35.68400573730469
34.306358337402344, 39.28709030151367
36.319847106933594, 39.39306640625
40.34682083129883, 35.578033447265625
38.96916961669922, 35.68400573730469
34.306358337402344, 39.28709030151367
38.96916961669922, 35.68400573730469
34.306358337402344, 39.28709030151367
36.319847106933594, 39.39306640625
40.34682083129883, 35.578033447265625
39.605010986328125, 38.01541519165039
34.306358337402344, 39.28709030151367
39.605010986328125, 38.01541519165039
34.306358337402344, 39.28709030151367
36.10790252685547, 39.28709030151367
40.34682083129883, 35.578033447265625
39.605010986328125, 38.01541519165039
34.306358337402344, 39.28709030151367
39.605010986328125, 38.01541519165039
34.306358337402344, 39.28709030151367
36.10790252685547, 39.28709030151367
40.34682083129883, 35.578033447265625
39.605010986328125, 38.01541519165039
34.306358337402344, 39.28709030151367
39.605010986328125, 38.01541519165039
34.306358337402344, 39.28709030151367
36.10790252685547, 39.28709030151367
40.34682083129883, 35.578033447265625
39.605010986328125, 38.01541519165039
34.306358337402344, 39.28709030151367
39.605010986328125, 38.01541519165039
34.306358337402344, 39.28709030151367
36.10790252685547, 39.28709030151367
40.34682083129883, 35.578033447265625
39.605010986328125, 38.01541519165039
34.306358337402344, 39.28709030151367
39.605010986328125, 38.01541519165039
34.306358337402344, 39.28709030151367
36.10790252685547, 39.28709030151367
40.34682083129883, 35.578033447265625
39.605010986328125, 38.01541519165039
34.306358337402344, 39.28709030151367
36.10790252685547, 39.28709030151367
40.34682083129883, 35.578033447265625
39.605010986328125, 38.01541519165039
34.306358337402344, 39.28709030151367
39.605010986328125, 38.01541519165039
34.306358337402344, 39.28709030151367
36.10790252685547, 39.28709030151367
40.34682083129883, 35.578033447265625
39.605010986328125, 38.01541519165039
34.306358337402344, 39.28709030151367
36.10790252685547, 39.28709030151367
40.34682083129883, 35.578033447265625
39.605010986328125, 38.01541519165039
34.306358337402344, 39.28709030151367
36.10790252685547, 39.28709030151367
40.34682083129883, 35.578033447265625
37.37957763671875, 37.591522216796875
39.605010986328125, 29.53757095336914
40.66474151611328, 33.6705207824707
34.412330627441406, 38.227359771728516
37.37957763671875, 37.591522216796875
39.605010986328125, 29.53757095336914
40.66474151611328, 33.6705207824707
34.412330627441406, 38.227359771728516
37.37957763671875, 37.591522216796875
39.605010986328125, 29.53757095336914
40.66474151611328, 33.6705207824707
34.412330627441406, 38.227359771728516
37.37957763671875, 37.591522216796875
39.605010986328125, 29.53757095336914
40.66474151611328, 33.6705207824707
34.412330627441406, 38.227359771728516
40.66474151611328, 33.6705207824707
34.412330627441406, 38.227359771728516
37.37957763671875, 37.591522216796875
39.605010986328125, 29.53757095336914
40.66474151611328, 33.6705207824707
34.412330627441406, 38.227359771728516
39.49903869628906, 29.219654083251953
34.412330627441406, 38.227359771728516
38.12138748168945, 32.9287109375
31.23314094543457, 38.54528045654297
38.12138748168945, 32.9287109375
31.23314094543457, 38.54528045654297
38.12138748168945, 32.9287109375
31.23314094543457, 38.54528045654297
36.319847106933594, 39.39306640625
40.34682083129883, 35.578033447265625
38.12138748168945, 32.9287109375
31.23314094543457, 38.54528045654297
38.96916961669922, 35.68400573730469
31.23314094543457, 38.54528045654297
36.319847106933594, 39.39306640625
38.96916961669922, 31.127166748046875
38.12138748168945, 32.9287109375
31.23314094543457, 38.54528045654297
38.96916961669922, 35.68400573730469
34.306358337402344, 39.28709030151367
38.96916961669922, 35.68400573730469
34.306358337402344, 39.28709030151367
36.319847106933594, 39.39306640625
40.34682083129883, 35.578033447265625
38.96916961669922, 35.68400573730469
34.306358337402344, 39.28709030151367
38.96916961669922, 35.68400573730469
34.306358337402344, 39.28709030151367
36.319847106933594, 39.39306640625
40.34682083129883, 35.578033447265625
39.605010986328125, 38.01541519165039
34.306358337402344, 39.28709030151367
39.605010986328125, 38.01541519165039
34.306358337402344, 39.28709030151367
36.10790252685547, 39.28709030151367
40.34682083129883, 35.578033447265625
39.605010986328125, 38.01541519165039
34.306358337402344, 39.28709030151367
39.605010986328125, 38.01541519165039
34.306358337402344, 39.28709030151367
36.10790252685547, 39.28709030151367
40.34682083129883, 35.578033447265625
39.605010986328125, 38.01541519165039
34.306358337402344, 39.28709030151367
39.605010986328125, 38.01541519165039
34.306358337402344, 39.28709030151367
36.10790252685547, 39.28709030151367
40.34682083129883, 35.578033447265625
39.605010986328125, 38.01541519165039
34.306358337402344, 39.28709030151367
39.605010986328125, 38.01541519165039
34.306358337402344, 39.28709030151367
36.10790252685547, 39.28709030151367
40.34682083129883, 35.578033447265625
39.605010986328125, 38.01541519165039
34.306358337402344, 39.28709030151367
39.605010986328125, 38.01541519165039
34.306358337402344, 39.28709030151367
36.10790252685547, 39.28709030151367
40.34682083129883, 35.578033447265625
39.605010986328125, 38.01541519165039
34.306358337402344, 39.28709030151367
36.10790252685547, 39.28709030151367
40.34682083129883, 35.578033447265625
39.605010986328125, 38.01541519165039
34.306358337402344, 39.28709030151367
39.605010986328125, 38.01541519165039
34.306358337402344, 39.28709030151367
36.10790252685547, 39.28709030151367
40.34682083129883, 35.578033447265625
39.605010986328125, 38.01541519165039
34.306358337402344, 39.28709030151367
36.10790252685547, 39.28709030151367
40.34682083129883, 35.578033447265625
39.605010986328125, 38.01541519165039
31.23314094543457, 38.54528045654297
36.10790252685547, 39.28709030151367
40.34682083129883, 35.578033447265625
37.37957763671875, 37.591522216796875
39.605010986328125, 29.53757095336914
40.66474151611328, 33.6705207824707
34.412330627441406, 38.227359771728516
37.37957763671875, 37.591522216796875
39.605010986328125, 29.53757095336914
40.66474151611328, 33.6705207824707
34.412330627441406, 38.227359771728516
37.37957763671875, 37.591522216796875
39.605010986328125, 29.53757095336914
40.66474151611328, 33.6705207824707
34.412330627441406, 38.227359771728516
40.66474151611328, 33.6705207824707
34.412330627441406, 38.227359771728516
37.37957763671875, 37.591522216796875
39.605010986328125, 29.53757095336914
40.66474151611328, 33.6705207824707
34.412330627441406, 38.227359771728516
39.49903869628906, 29.219654083251953
34.412330627441406, 38.227359771728516
38.12138748168945, 32.9287109375
31.23314094543457, 38.54528045654297
38.12138748168945, 32.9287109375
31.23314094543457, 38.54528045654297
38.96916961669922, 35.68400573730469
31.23314094543457, 38.54528045654297
36.319847106933594, 39.39306640625
40.34682083129883, 35.578033447265625
38.12138748168945, 32.9287109375
31.23314094543457, 38.54528045654297
38.96916961669922, 35.68400573730469
34.306358337402344, 39.28709030151367
36.319847106933594, 39.39306640625
38.96916961669922, 31.127166748046875
38.12138748168945, 32.9287109375
31.23314094543457, 38.54528045654297
38.96916961669922, 35.68400573730469
34.306358337402344, 39.28709030151367
38.96916961669922, 35.68400573730469
34.306358337402344, 39.28709030151367
36.319847106933594, 39.39306640625
40.34682083129883, 35.578033447265625
38.96916961669922, 35.68400573730469
34.306358337402344, 39.28709030151367
38.96916961669922, 35.68400573730469
34.306358337402344, 39.28709030151367
36.319847106933594, 39.39306640625
38.96916961669922, 31.127166748046875
38.96916961669922, 35.68400573730469
34.306358337402344, 39.28709030151367
38.96916961669922, 35.68400573730469
34.306358337402344, 39.28709030151367
38.96916961669922, 35.68400573730469
34.306358337402344, 39.28709030151367
36.319847106933594, 39.39306640625
40.34682083129883, 35.578033447265625
38.96916961669922, 35.68400573730469
34.306358337402344, 39.28709030151367
38.96916961669922, 35.68400573730469
34.306358337402344, 39.28709030151367
36.319847106933594, 39.39306640625
40.34682083129883, 35.578033447265625
39.605010986328125, 38.01541519165039
34.306358337402344, 39.28709030151367
38.96916961669922, 35.68400573730469
34.306358337402344, 39.28709030151367
36.10790252685547, 39.28709030151367
38.96916961669922, 31.127166748046875
39.605010986328125, 38.01541519165039
34.306358337402344, 39.28709030151367
39.605010986328125, 38.01541519165039
34.306358337402344, 39.28709030151367
36.10790252685547, 39.28709030151367
38.96916961669922, 31.127166748046875
39.605010986328125, 38.01541519165039
34.306358337402344, 39.28709030151367
39.605010986328125, 38.01541519165039
30.0, 30.0
30.0, 30.0
30.0, 30.0
30.0, 30.0
30.0, 30.0
30.0, 30.0
30.0, 30.0
30.0, 30.0
42.47311782836914, 43.54838562011719
45.161293029785156, 28.010753631591797
42.47311782836914, 43.54838562011719
45.161293029785156, 28.010753631591797
42.47311782836914, 43.54838562011719
45.161293029785156, 28.010753631591797
39.89247131347656, 45.537635803222656
45.161293029785156, 28.010753631591797
39.51612854003906, 43.76344299316406
42.68817138671875, 27.09677505493164
39.6236572265625, 41.88172149658203
42.68817138671875, 27.09677505493164
39.6236572265625, 41.88172149658203
42.04301071166992, 26.075267791748047
38.655914306640625, 40.913978576660156
42.04301071166992, 26.075267791748047
38.655914306640625, 40.913978576660156
40.43010711669922, 25.537633895874023
38.655914306640625, 40.913978576660156
40.43010711669922, 25.537633895874023
36.774192810058594, 39.032257080078125
39.086021423339844, 25.05376434326172
39.408599853515625, 36.88172149658203
26.5053768157959, 38.54838562011719
40.0, 38.76344299316406
26.88172149658203, 39.94623565673828
40.537635803222656, 41.6129035949707
42.36559295654297, 27.52688217163086
40.752685546875, 39.51612854003906
27.25806427001953, 40.537635803222656
40.537635803222656, 41.6129035949707
45.10752868652344, 28.4946231842041
40.537635803222656, 41.6129035949707
42.36559295654297, 27.52688217163086
40.752685546875, 39.51612854003906
27.25806427001953, 40.537635803222656
41.129032135009766, 43.440860748291016
45.10752868652344, 28.4946231842041
40.537635803222656, 41.6129035949707
42.36559295654297, 27.52688217163086
40.752685546875, 39.51612854003906
27.25806427001953, 40.537635803222656
41.129032135009766, 43.440860748291016
45.10752868652344, 28.4946231842041
40.537635803222656, 41.6129035949707
45.10752868652344, 28.4946231842041
38.11827850341797, 43.602149963378906
42.36559295654297, 27.52688217163086
38.279571533203125, 41.666664123535156
41.666664123535156, 26.344085693359375
38.279571533203125, 41.666664123535156
41.666664123535156, 26.344085693359375
37.41935729980469, 40.86021423339844
40.05376434326172, 25.80645179748535
37.41935729980469, 40.86021423339844
40.05376434326172, 25.80645179748535
39.408599853515625, 36.88172149658203
26.5053768157959, 38.54838562011719
40.0, 38.76344299316406
27.25806427001953, 40.537635803222656
40.537635803222656, 41.6129035949707
42.36559295654297, 27.52688217163086
40.752685546875, 39.51612854003906
27.09677505493164, 41.88172149658203
41.129032135009766, 43.440860748291016
45.10752868652344, 28.4946231842041
40.537635803222656, 41.6129035949707
45.10752868652344, 28.4946231842041
38.11827850341797, 43.602149963378906
42.36559295654297, 27.52688217163086
38.279571533203125, 41.666664123535156
42.36559295654297, 27.52688217163086
38.279571533203125, 41.666664123535156
41.666664123535156, 26.344085693359375
36.07527160644531, 39.408599853515625
38.76344299316406, 26.02150535583496
36.07527160644531, 39.408599853515625
38.76344299316406, 26.02150535583496
37.90322494506836, 35.69892501831055
26.23655891418457, 38.225807189941406
38.92472839355469, 37.95698928833008
26.559139251708984, 38.709678649902344
38.655914306640625, 39.94623565673828
43.49462127685547, 28.655914306640625
38.655914306640625, 39.94623565673828
40.86021423339844, 27.580644607543945
38.92472839355469, 37.95698928833008
26.559139251708984, 38.709678649902344
39.19355010986328, 41.50537872314453
43.49462127685547, 28.655914306640625
38.655914306640625, 39.94623565673828
40.86021423339844, 27.580644607543945
36.774192810058594, 40.05376434326172
40.86021423339844, 27.580644607543945
36.774192810058594, 40.05376434326172
40.21505355834961, 26.5053768157959
36.07527160644531, 39.408599853515625
40.21505355834961, 26.5053768157959
38.333335876464844, 37.41935729980469
26.23655891418457, 38.225807189941406
38.92472839355469, 37.95698928833008
26.397850036621094, 39.89247131347656
39.19355010986328, 41.50537872314453
43.49462127685547, 28.655914306640625
36.50537872314453, 41.88172149658203
43.49462127685547, 28.655914306640625
36.50537872314453, 41.88172149658203
40.86021423339844, 27.580644607543945
36.774192810058594, 40.05376434326172
40.86021423339844, 27.580644607543945
36.774192810058594, 40.05376434326172
40.21505355834961, 26.5053768157959
36.07527160644531, 39.408599853515625
40.21505355834961, 26.5053768157959
36.07527160644531, 39.408599853515625
38.76344299316406, 26.02150535583496
35.537635803222656, 37.68817138671875
38.76344299316406, 26.02150535583496
37.90322494506836, 35.69892501831055
25.860214233398438, 37.04301071166992
38.333335876464844, 37.41935729980469
26.23655891418457, 38.225807189941406
38.655914306640625, 39.94623565673828
40.86021423339844, 27.580644607543945
38.92472839355469, 37.95698928833008
26.559139251708984, 38.709678649902344
39.19355010986328, 41.50537872314453
43.49462127685547, 28.655914306640625
38.655914306640625, 39.94623565673828
40.86021423339844, 27.580644607543945
38.655914306640625, 39.94623565673828
40.86021423339844, 27.580644607543945
38.92472839355469, 37.95698928833008
26.559139251708984, 38.709678649902344
39.19355010986328, 41.50537872314453
43.49462127685547, 28.655914306640625
36.50537872314453, 41.88172149658203
40.86021423339844, 27.580644607543945
36.50537872314453, 41.88172149658203
40.86021423339844, 27.580644607543945
36.774192810058594, 40.05376434326172
40.21505355834961, 26.5053768157959
36.07527160644531, 39.408599853515625
40.21505355834961, 26.5053768157959
36.07527160644531, 39.408599853515625
38.76344299316406, 26.02150535583496
36.07527160644531, 39.408599853515625
38.76344299316406, 26.02150535583496
37.90322494506836, 35.69892501831055
25.860214233398438, 37.04301071166992
38.333335876464844, 37.41935729980469
26.559139251708984, 38.709678649902344
38.655914306640625, 39.94623565673828
40.86021423339844, 27.580644607543945
38.92472839355469, 37.95698928833008
26.397850036621094, 39.89247131347656
39.19355010986328, 41.50537872314453
43.49462127685547, 28.655914306640625
38.655914306640625, 39.94623565673828
43.49462127685547, 28.655914306640625
38.655914306640625, 39.94623565673828
40.86021423339844, 27.580644607543945
36.774192810058594, 40.05376434326172
40.21505355834961, 26.5053768157959
36.07527160644531, 39.408599853515625
40.21505355834961, 26.5053768157959
38.333335876464844, 37.41935729980469
26.23655891418457, 38.225807189941406
38.655914306640625, 39.94623565673828
40.86021423339844, 27.580644607543945
38.92472839355469, 37.95698928833008
26.559139251708984, 38.709678649902344
39.19355010986328, 41.50537872314453
43.49462127685547, 28.655914306640625
36.50537872314453, 41.88172149658203
40.86021423339844, 27.580644607543945
34.94623565673828, 40.69892501831055
39.13978576660156, 27.52688217163086
35.48387145996094, 39.19355010986328
39.032257080078125, 26.397850036621094
35.05376434326172, 38.76344299316406
39.032257080078125, 26.397850036621094
35.05376434326172, 38.76344299316406
37.849464416503906, 25.967742919921875
35.05376434326172, 38.76344299316406
37.849464416503906, 25.967742919921875
36.774192810058594, 35.10752868652344
25.591398239135742, 36.50537872314453
37.20429992675781, 36.666664123535156
26.23655891418457, 37.74193572998047
36.9892463684082, 38.709678649902344
39.13978576660156, 27.52688217163086
37.52688217163086, 36.9892463684082
25.967742919921875, 38.655914306640625
37.20429992675781, 39.89247131347656
41.50537872314453, 28.387096405029297
36.9892463684082, 38.709678649902344
41.50537872314453, 28.387096405029297
36.9892463684082, 38.709678649902344
39.13978576660156, 27.52688217163086
35.48387145996094, 39.19355010986328
39.032257080078125, 26.397850036621094
35.48387145996094, 39.19355010986328
39.032257080078125, 26.397850036621094
35.05376434326172, 38.76344299316406
37.849464416503906, 25.967742919921875
37.20429992675781, 36.666664123535156
25.967742919921875, 37.52688217163086
37.52688217163086, 36.9892463684082
26.23655891418457, 37.74193572998047
37.20429992675781, 39.89247131347656
41.50537872314453, 28.387096405029297
36.9892463684082, 38.709678649902344
39.13978576660156, 27.52688217163086
37.52688217163086, 36.9892463684082
25.967742919921875, 38.655914306640625
35.0, 41.88172149658203
41.50537872314453, 28.387096405029297
35.0, 41.88172149658203
41.50537872314453, 28.387096405029297
34.94623565673828, 40.69892501831055
39.13978576660156, 27.52688217163086
34.94623565673828, 40.69892501831055
39.13978576660156, 27.52688217163086
35.48387145996094, 39.19355010986328
39.032257080078125, 26.397850036621094
35.48387145996094, 39.19355010986328
39.032257080078125, 26.397850036621094
35.05376434326172, 38.76344299316406
37.849464416503906, 25.967742919921875
35.05376434326172, 38.76344299316406
37.849464416503906, 25.967742919921875
34.51612854003906, 37.20429992675781
37.849464416503906, 25.967742919921875
34.51612854003906, 37.20429992675781
36.93548583984375, 25.21505355834961
36.774192810058594, 35.10752868652344
25.591398239135742, 36.50537872314453
37.20429992675781, 36.666664123535156
25.967742919921875, 37.52688217163086
37.52688217163086, 36.9892463684082
26.23655891418457, 37.74193572998047
37.20429992675781, 39.89247131347656
41.50537872314453, 28.387096405029297
36.9892463684082, 38.709678649902344
39.13978576660156, 27.52688217163086
37.52688217163086, 36.9892463684082
25.967742919921875, 38.655914306640625
37.20429992675781, 39.89247131347656
41.50537872314453, 28.387096405029297
36.9892463684082, 38.709678649902344
41.50537872314453, 28.387096405029297
36.9892463684082, 38.709678649902344
39.13978576660156, 27.52688217163086
37.52688217163086, 36.9892463684082
26.23655891418457, 37.74193572998047
37.20429992675781, 39.89247131347656
41.50537872314453, 28.387096405029297
34.94623565673828, 40.69892501831055
39.13978576660156, 27.52688217163086
34.94623565673828, 40.69892501831055
39.13978576660156, 27.52688217163086
35.48387145996094, 39.19355010986328
39.032257080078125, 26.397850036621094
35.48387145996094, 39.19355010986328
39.032257080078125, 26.397850036621094
35.05376434326172, 38.76344299316406
37.849464416503906, 25.967742919921875
35.05376434326172, 38.76344299316406
37.849464416503906, 25.967742919921875
34.51612854003906, 37.20429992675781
37.849464416503906, 25.967742919921875
36.774192810058594, 35.10752868652344
25.591398239135742, 36.50537872314453
37.20429992675781, 36.666664123535156
25.967742919921875, 37.52688217163086
36.9892463684082, 38.709678649902344
39.13978576660156, 27.52688217163086
37.52688217163086, 36.9892463684082
26.23655891418457, 37.74193572998047
36.9892463684082, 38.709678649902344
41.50537872314453, 28.387096405029297
36.9892463684082, 38.709678649902344
39.13978576660156, 27.52688217163086
37.52688217163086, 36.9892463684082
26.23655891418457, 37.74193572998047
37.20429992675781, 39.89247131347656
41.50537872314453, 28.387096405029297
36.9892463684082, 38.709678649902344
39.13978576660156, 27.52688217163086
37.52688217163086, 36.9892463684082
25.967742919921875, 38.655914306640625
37.20429992675781, 39.89247131347656
41.50537872314453, 28.387096405029297
34.94623565673828, 40.69892501831055
41.50537872314453, 28.387096405029297
34.94623565673828, 40.69892501831055
39.13978576660156, 27.52688217163086
35.48387145996094, 39.19355010986328
39.13978576660156, 27.52688217163086
35.48387145996094, 39.19355010986328
39.032257080078125, 26.397850036621094
35.05376434326172, 38.76344299316406
39.032257080078125, 26.397850036621094
35.05376434326172, 38.76344299316406
37.849464416503906, 25.967742919921875
35.05376434326172, 38.76344299316406
37.849464416503906, 25.967742919921875
34.51612854003906, 37.20429992675781
36.93548583984375, 25.21505355834961
36.774192810058594, 35.10752868652344
25.591398239135742, 36.50537872314453
37.20429992675781, 36.666664123535156
25.967742919921875, 37.52688217163086
36.9892463684082, 38.709678649902344
39.13978576660156, 27.52688217163086
37.52688217163086, 36.9892463684082
26.23655891418457, 37.74193572998047
36.9892463684082, 38.709678649902344
41.50537872314453, 28.387096405029297
36.9892463684082, 38.709678649902344
39.13978576660156, 27.52688217163086
37.52688217163086, 36.9892463684082
26.23655891418457, 37.74193572998047
37.20429992675781, 39.89247131347656
41.50537872314453, 28.387096405029297
36.9892463684082, 38.709678649902344
39.13978576660156, 27.52688217163086
37.52688217163086, 36.9892463684082
25.967742919921875, 38.655914306640625
37.20429992675781, 39.89247131347656
41.50537872314453, 28.387096405029297
34.94623565673828, 40.69892501831055
41.50537872314453, 28.387096405029297
34.94623565673828, 40.69892501831055
39.13978576660156, 27.52688217163086
35.48387145996094, 39.19355010986328
39.13978576660156, 27.52688217163086
35.48387145996094, 39.19355010986328
39.032257080078125, 26.397850036621094
35.05376434326172, 38.76344299316406
37.849464416503906, 25.967742919921875
35.05376434326172, 38.76344299316406
37.849464416503906, 25.967742919921875
34.51612854003906, 37.20429992675781
37.849464416503906, 25.967742919921875
36.774192810058594, 35.10752868652344
25.591398239135742, 36.50537872314453
37.20429992675781, 36.666664123535156
25.967742919921875, 37.52688217163086
36.9892463684082, 38.709678649902344
39.13978576660156, 27.52688217163086
37.52688217163086, 36.9892463684082
26.23655891418457, 37.74193572998047
37.20429992675781, 39.89247131347656
41.50537872314453, 28.387096405029297
36.9892463684082, 38.709678649902344
39.13978576660156, 27.52688217163086
37.52688217163086, 36.9892463684082
26.23655891418457, 37.74193572998047
37.20429992675781, 39.89247131347656
41.50537872314453, 28.387096405029297
36.9892463684082, 38.709678649902344
39.13978576660156, 27.52688217163086
34.94623565673828, 40.69892501831055
39.13978576660156, 27.52688217163086
35.48387145996094, 39.19355010986328
39.032257080078125, 26.397850036621094
35.05376434326172, 38.76344299316406
39.032257080078125, 26.397850036621094
35.05376434326172, 38.76344299316406
37.849464416503906, 25.967742919921875
37.20429992675781, 36.666664123535156
25.967742919921875, 37.52688217163086
37.52688217163086, 36.9892463684082
26.23655891418457, 37.74193572998047
37.20429992675781, 39.89247131347656
41.50537872314453, 28.387096405029297
36.9892463684082, 38.709678649902344
39.13978576660156, 27.52688217163086
37.52688217163086, 36.9892463684082
25.967742919921875, 38.655914306640625
37.20429992675781, 39.89247131347656
41.50537872314453, 28.387096405029297
34.94623565673828, 40.69892501831055
41.50537872314453, 28.387096405029297
34.94623565673828, 40.69892501831055
39.13978576660156, 27.52688217163086
35.48387145996094, 39.19355010986328
39.13978576660156, 27.52688217163086
35.48387145996094, 39.19355010986328
39.032257080078125, 26.397850036621094
35.05376434326172, 38.76344299316406
39.032257080078125, 26.397850036621094
35.05376434326172, 38.76344299316406
37.849464416503906, 25.967742919921875
35.05376434326172, 38.76344299316406
37.849464416503906, 25.967742919921875
36.774192810058594, 35.10752868652344
25.591398239135742, 36.50537872314453
37.20429992675781, 36.666664123535156
26.23655891418457, 37.74193572998047
36.9892463684082, 38.709678649902344
39.13978576660156, 27.52688217163086
37.52688217163086, 36.9892463684082
25.967742919921875, 38.655914306640625
37.20429992675781, 39.89247131347656
41.50537872314453, 28.387096405029297
34.94623565673828, 40.69892501831055
41.50537872314453, 28.387096405029297
34.94623565673828, 40.69892501831055
39.13978576660156, 27.52688217163086
35.48387145996094, 39.19355010986328
39.13978576660156, 27.52688217163086
35.48387145996094, 39.19355010986328
39.032257080078125, 26.397850036621094
35.05376434326172, 38.76344299316406
39.032257080078125, 26.397850036621094
35.05376434326172, 38.76344299316406
37.849464416503906, 25.967742919921875
34.51612854003906, 37.20429992675781
37.849464416503906, 25.967742919921875
36.774192810058594, 35.10752868652344
25.591398239135742, 36.50537872314453
37.20429992675781, 36.666664123535156
25.967742919921875, 37.52688217163086
36.9892463684082, 38.709678649902344
39.13978576660156, 27.52688217163086
37.52688217163086, 36.9892463684082
26.23655891418457, 37.74193572998047
37.20429992675781, 39.89247131347656
41.50537872314453, 28.387096405029297
36.9892463684082, 38.709678649902344
39.13978576660156, 27.52688217163086
37.52688217163086, 36.9892463684082
25.967742919921875, 38.655914306640625
37.20429992675781, 39.89247131347656
41.50537872314453, 28.387096405029297
34.94623565673828, 40.69892501831055
41.50537872314453, 28.387096405029297
34.94623565673828, 40.69892501831055
39.13978576660156, 27.52688217163086
35.48387145996094, 39.19355010986328
39.13978576660156, 27.52688217163086
35.48387145996094, 39.19355010986328
39.032257080078125, 26.397850036621094
35.05376434326172, 38.76344299316406
39.032257080078125, 26.397850036621094
35.05376434326172, 38.76344299316406
37.849464416503906, 25.967742919921875
34.51612854003906, 37.20429992675781
37.849464416503906, 25.967742919921875
36.774192810058594, 35.10752868652344
25.591398239135742, 36.50537872314453
37.20429992675781, 36.666664123535156
26.23655891418457, 37.74193572998047
36.9892463684082, 38.709678649902344
39.13978576660156, 27.52688217163086
37.52688217163086, 36.9892463684082
25.967742919921875, 38.655914306640625
37.20429992675781, 39.89247131347656
41.50537872314453, 28.387096405029297
36.9892463684082, 38.709678649902344
39.13978576660156, 27.52688217163086
36.9892463684082, 38.709678649902344
39.13978576660156, 27.52688217163086
35.48387145996094, 39.19355010986328
39.032257080078125, 26.397850036621094
35.05376434326172, 38.76344299316406
39.032257080078125, 26.397850036621094
37.20429992675781, 36.666664123535156
25.967742919921875, 37.52688217163086
36.9892463684082, 38.709678649902344
39.13978576660156, 27.52688217163086
37.52688217163086, 36.9892463684082
26.23655891418457, 37.74193572998047
37.20429992675781, 39.89247131347656
41.50537872314453, 28.387096405029297
36.9892463684082, 38.709678649902344
39.13978576660156, 27.52688217163086
35.48387145996094, 39.19355010986328
39.13978576660156, 27.52688217163086
35.48387145996094, 39.19355010986328
39.032257080078125, 26.397850036621094
35.05376434326172, 38.76344299316406
37.849464416503906, 25.967742919921875
37.20429992675781, 36.666664123535156
25.967742919921875, 37.52688217163086
37.52688217163086, 36.9892463684082
25.967742919921875, 38.655914306640625
37.20429992675781, 39.89247131347656
41.50537872314453, 28.387096405029297
34.94623565673828, 40.69892501831055
41.50537872314453, 28.387096405029297
34.94623565673828, 40.69892501831055
39.13978576660156, 27.52688217163086
35.48387145996094, 39.19355010986328
39.13978576660156, 27.52688217163086
35.48387145996094, 39.19355010986328
