<generator object PPO.save_probs.<locals>.<genexpr> at 0x000001904704BC30>
[20.01748276 25.17482567]
[19.23077011 18.79370689]
[20.01748276 25.17482567]
[19.23077011 18.79370689]
[18.79370689 23.77622414]
[19.23077011 18.79370689]
[18.79370689 23.77622414]
[19.23077011 18.79370689]
[22.11538506 22.98950958]
[21.41608429 18.79370689]
[23.07692337 20.97902107]
[19.05594444 21.15384674]
[18.79370689 23.77622414]
[20.01748276 17.65734291]
[19.75524521 22.11538506]
[20.01748276 17.65734291]
[23.07692337 20.97902107]
[17.13286781 21.85314751]
[19.75524521 22.11538506]
[20.27972031 18.18181801]
[19.75524521 22.11538506]
[20.27972031 18.18181801]
[19.75524521 22.11538506]
[20.27972031 18.18181801]
[19.75524521 22.11538506]
[20.27972031 18.18181801]
[19.75524521 22.11538506]
[20.27972031 18.18181801]
[19.75524521 22.11538506]
[20.27972031 18.18181801]
[19.75524521 22.11538506]
[20.27972031 18.18181801]
[19.75524521 22.11538506]
[20.27972031 18.18181801]
[19.75524521 22.11538506]
[20.27972031 18.18181801]
[17.56992912 20.45454597]
[20.27972031 18.18181801]
[17.56992912 20.45454597]
[20.27972031 18.18181801]
[17.56992912 20.45454597]
[20.27972031 18.18181801]
[17.56992912 20.45454597]
[20.27972031 18.18181801]
[17.56992912 20.45454597]
[20.45454597 19.40559387]
[17.56992912 20.45454597]
[18.70629311 19.75524521]
[16.87063026 14.42307663]
[20.19230843 18.79370689]
[17.30769157 19.40559387]
[20.19230843 18.79370689]
[17.30769157 19.40559387]
[18.79370689 19.40559387]
[17.30769157 14.42307663]
[19.23077011 20.19230843]
[18.79370689 14.5979023 ]
[19.23077011 20.19230843]
[18.79370689 14.5979023 ]
[19.23077011 20.19230843]
[18.79370689 14.5979023 ]
[19.23077011 20.19230843]
[18.79370689 14.5979023 ]
[22.3776226  18.79370689]
[17.48251724 18.44405556]
[19.23077011 20.19230843]
[18.79370689 14.5979023 ]
[19.23077011 20.19230843]
[18.79370689 14.5979023 ]
[22.3776226  18.79370689]
[17.48251724 18.44405556]
[19.23077011 20.19230843]
[18.79370689 14.5979023 ]
[18.09440613 19.40559387]
[18.79370689 14.5979023 ]
[20.36713219 18.35664368]
[17.48251724 18.44405556]
[18.09440613 19.40559387]
[18.79370689 14.5979023 ]
[18.09440613 19.40559387]
[18.79370689 14.5979023 ]
[18.09440613 19.40559387]
[18.79370689 14.5979023 ]
[20.36713219 18.35664368]
[16.08391571 19.23077011]
[18.09440613 19.40559387]
[19.05594444 15.1223774 ]
[18.09440613 19.40559387]
[19.05594444 15.1223774 ]
[18.09440613 19.40559387]
[19.05594444 15.1223774 ]
[18.09440613 19.40559387]
[19.05594444 15.1223774 ]
[18.09440613 19.40559387]
[19.05594444 16.34615326]
[17.74475479 20.27972031]
[19.05594444 16.34615326]
[17.74475479 20.27972031]
[19.05594444 16.34615326]
[17.74475479 20.27972031]
[19.05594444 16.34615326]
[17.74475479 20.27972031]
[19.05594444 16.34615326]
[17.74475479 20.27972031]
[19.05594444 16.34615326]
[16.25874138 18.79370689]
[19.05594444 16.34615326]
[16.25874138 18.79370689]
[19.05594444 16.34615326]
[16.25874138 18.79370689]
[19.05594444 16.34615326]
[16.25874138 18.79370689]
[19.05594444 16.34615326]
[16.25874138 18.79370689]
[18.88111877 17.83216858]
[16.25874138 18.79370689]
[17.83216858 18.35664368]
[17.48251724 14.33566475]
[18.88111877 17.83216858]
[16.25874138 18.79370689]
[18.88111877 17.83216858]
[16.25874138 18.79370689]
[17.83216858 18.35664368]
[17.83216858 15.99650383]
[18.88111877 17.83216858]
[15.47202778 18.70629311]
[17.13286781 19.49300766]
[18.00699234 16.78321648]
[18.00699234 18.96853065]
[19.05594444 16.1713295 ]
[18.00699234 18.96853065]
[19.05594444 16.1713295 ]
[18.00699234 18.96853065]
[19.05594444 16.1713295 ]
[18.00699234 18.96853065]
[19.05594444 16.1713295 ]
[18.44405556 17.65734291]
[15.47202778 18.70629311]
[16.95804214 18.44405556]
[19.05594444 16.1713295 ]
[16.95804214 18.44405556]
[19.05594444 16.1713295 ]
[16.95804214 18.44405556]
[19.05594444 16.1713295 ]
[18.44405556 17.65734291]
[15.47202778 18.70629311]
[16.95804214 18.44405556]
[19.05594444 16.1713295 ]
[16.95804214 18.44405556]
[19.05594444 16.34615326]
[16.95804214 18.44405556]
[19.05594444 16.34615326]
[16.95804214 18.44405556]
[19.05594444 16.34615326]
[16.95804214 18.44405556]
[19.05594444 16.34615326]
[16.95804214 18.44405556]
[19.05594444 16.34615326]
[16.95804214 18.44405556]
[19.05594444 16.34615326]
[16.95804214 18.44405556]
[19.05594444 16.34615326]
[16.95804214 18.44405556]
[19.05594444 16.34615326]
[16.95804214 18.44405556]
[19.05594444 16.34615326]
[16.95804214 18.44405556]
[19.05594444 16.34615326]
[16.95804214 18.44405556]
[19.05594444 16.34615326]
[15.73426533 17.30769157]
[19.05594444 16.34615326]
[15.73426533 17.30769157]
[19.05594444 16.34615326]
[15.73426533 17.30769157]
[19.05594444 16.34615326]
[15.73426533 17.30769157]
[19.05594444 16.34615326]
[15.73426533 17.30769157]
[18.88111877 17.83216858]
[15.73426533 17.30769157]
[17.83216858 18.35664368]
[17.48251724 14.33566475]
[18.88111877 17.83216858]
[15.73426533 17.30769157]
[18.88111877 17.83216858]
[15.73426533 17.30769157]
[17.83216858 18.35664368]
[17.56992912 14.94755268]
[18.00699234 18.96853065]
[18.26922989 13.98601437]
[18.00699234 18.96853065]
[18.26922989 13.98601437]
[18.00699234 18.96853065]
[18.53146935 14.5979023 ]
[18.44405556 19.31818199]
[18.53146935 14.5979023 ]
[20.27972031 18.00699234]
[16.1713295  17.13286781]
[18.44405556 19.31818199]
[18.53146935 14.5979023 ]
[18.44405556 19.31818199]
[18.53146935 14.5979023 ]
[20.27972031 18.00699234]
[16.1713295  17.13286781]
[18.44405556 19.31818199]
[18.53146935 14.5979023 ]
[17.30769157 18.79370689]
[18.53146935 14.5979023 ]
[17.30769157 18.79370689]
[18.53146935 14.5979023 ]
[18.79370689 17.83216858]
[16.1713295  17.13286781]
[17.30769157 18.79370689]
[18.53146935 14.5979023 ]
[17.30769157 18.79370689]
[18.53146935 14.5979023 ]
[17.30769157 18.79370689]
[18.44405556 14.86013985]
[17.30769157 18.79370689]
[18.44405556 14.86013985]
[18.79370689 17.83216858]
[15.29720306 18.00699234]
[17.30769157 18.79370689]
[18.44405556 14.86013985]
[17.30769157 18.79370689]
[18.44405556 14.86013985]
[17.30769157 18.79370689]
[18.44405556 14.86013985]
[17.30769157 18.79370689]
[18.44405556 14.86013985]
[17.30769157 18.79370689]
[18.44405556 14.86013985]
[17.30769157 18.79370689]
[18.44405556 14.86013985]
[17.30769157 18.79370689]
[18.44405556 14.86013985]
[15.99650383 17.91958046]
[18.44405556 14.86013985]
[15.99650383 17.91958046]
[18.44405556 14.86013985]
[15.99650383 17.91958046]
[18.44405556 14.86013985]
[15.99650383 17.91958046]
[18.44405556 14.86013985]
[15.99650383 17.91958046]
[17.65734291 17.13286781]
[15.55944061 18.35664368]
[17.65734291 17.13286781]
[15.55944061 18.35664368]
[17.65734291 17.13286781]
[15.55944061 18.35664368]
[17.65734291 17.13286781]
[15.55944061 18.35664368]
[17.13286781 18.26922989]
[17.91958046 15.47202778]
[17.13286781 18.26922989]
[17.91958046 15.47202778]
[16.08391571 18.00699234]
[17.91958046 15.47202778]
[16.08391571 18.00699234]
[17.91958046 15.47202778]
[16.08391571 18.00699234]
[17.83216858 15.55944061]
[16.08391571 18.00699234]
[17.83216858 15.55944061]
[16.08391571 18.00699234]
[17.83216858 15.55944061]
[16.08391571 18.00699234]
[17.83216858 15.55944061]
[15.03496456 17.22027969]
[17.83216858 15.55944061]
[15.03496456 17.22027969]
[17.83216858 15.55944061]
[15.03496456 17.22027969]
[17.65734291 17.13286781]
[15.03496456 17.22027969]
[17.65734291 17.13286781]
[15.03496456 17.22027969]
[17.65734291 17.13286781]
