<generator object PPO.save_probs.<locals>.<genexpr> at 0x00000219FE5DBA00>
[100.          95.07154083 100.        ]
[100.         96.0254364 100.       ]
[100.          99.52305603 100.        ]
[100.          99.52305603 100.        ]
[100.          79.65023804 100.        ]
[100.          82.35294342 100.        ]
[100.          78.37837982 100.        ]
[100.          78.37837982 100.        ]
[100.          84.89665985 100.        ]
[100.          81.24006653 100.        ]
[100.          91.89189148 100.        ]
[100.          95.07154083 100.        ]
[100.          98.88712311 100.        ]
[100.          98.88712311 100.        ]
[100.          88.71224213 100.        ]
[100.          79.65023804 100.        ]
[100.          79.65023804 100.        ]
[100.          79.65023804 100.        ]
[100.          73.44992065 100.        ]
[100.          73.44992065 100.        ]
[100.          93.00476837 100.        ]
[100.          93.00476837 100.        ]
[100.          95.07154083 100.        ]
[100.          98.88712311 100.        ]
[100.          98.88712311 100.        ]
[100.          88.71224213 100.        ]
[100.          91.25595856 100.        ]
[100.          75.03974915 100.        ]
[100.          75.03974915 100.        ]
[ 98.56916046  69.7933197  100.        ]
[100.         82.1939621 100.       ]
[100.          93.00476837 100.        ]
[100.         88.0763092 100.       ]
[100.          81.24006653 100.        ]
[100.          95.07154083 100.        ]
[100.          97.29729462 100.        ]
[100.          91.73291016 100.        ]
[100.          81.24006653 100.        ]
[100.          70.11128998  94.27662659]
[100.          73.60890198 100.        ]
[ 98.56916046  69.7933197  100.        ]
[100.          82.82988739 100.        ]
[100.          89.34817505 100.        ]
[100.          79.49125671 100.        ]
[100.          79.80921936 100.        ]
[100.          86.16851807 100.        ]
[100.          99.84101868 100.        ]
[100.          89.82511902 100.        ]
[100.          78.37837982  97.29729462]
[100.          70.11128998  94.27662659]
[96.502388   67.40858459 96.502388  ]
[94.59459686 65.65977478 98.88712311]
[ 97.61526489  71.70111084 100.        ]
[100.          85.21463013 100.        ]
[ 81.55802917  56.75675583 100.        ]
[78.2193985  52.14626312 90.46105194]
[85.6915741  55.00794983 82.1939621 ]
[97.93322754 58.82352829 79.80921936]
[100.          79.65023804 100.        ]
[100.          83.94276428 100.        ]
[100.          71.86009216  88.71224213]
[100.          72.49602509  82.98886871]
[91.57392883 67.88553619 86.16851807]
[85.53259277 64.54689789 92.36884308]
[85.6915741  62.63911057 95.38950348]
[100.          83.78378296 100.        ]
[80.60413361 57.23370361 99.68203735]
[66.93164062 51.03338623 82.82988739]
[77.7424469  58.34658051 76.78855133]
[85.21463013 54.53100204 72.81398773]
[99.68203735 66.45468903 76.47058868]
[100.          94.27662659 100.        ]
[100.          85.37361145  93.95866394]
[100.          82.67090607  84.10174561]
[100.          81.24006653  83.78378296]
[91.57392883 75.35771179 89.6661377 ]
[87.91732788 69.31637573 95.23052216]
[ 94.43561554  75.99363708 100.        ]
[ 93.48171997  77.26550293 100.        ]
[75.83465576 61.52623367 98.09220886]
[67.72654724 56.27980804 82.35294342]
[80.44515228 62.79809189 76.94753265]
[85.21463013 60.25437164 71.22416687]
[97.61526489 65.34181213 72.81398773]
[100.          83.46582031  98.41017151]
[100.          89.82511902  97.93322754]
[100.          93.64070129  87.75834656]
[100.          85.6915741   85.85055542]
[94.75357819 79.65023804 91.89189148]
[92.5278244  77.42448425 98.25119019]
[87.91732788 69.31637573 95.23052216]
[ 99.52305603  80.28617096 100.        ]
[ 85.53259277  67.72654724 100.        ]
[74.88076019 67.40858459 94.91255951]
[81.7170105  69.63433838 87.28140259]
[87.12241364 65.65977478 77.10652161]
[92.84578705 74.08585358 77.26550293]
[100.          73.13195801  75.83465576]
[100.          82.03497314  92.0508728 ]
[100.          84.5786972   91.41494751]
[100.          90.62003326  90.62003326]
[100.          89.50715637  85.53259277]
[100.          87.12241364  89.98410034]
[97.45628357 81.7170105  95.38950348]
[89.50715637 74.2448349  97.61526489]
[ 92.84578705  72.49602509 100.        ]
[80.76311493 67.24960327 95.86645508]
[ 85.37361145  76.47058868 100.        ]
[ 92.20985413  74.72177887 100.        ]
[ 93.00476837  76.47058868 100.        ]
[83.62480164 61.685215   83.46582031]
[87.12241364 67.88553619 77.26550293]
[96.97933197 68.04451752 75.99363708]
[100. 100. 100.]
[100.          86.16851807  88.5532608 ]
[100.          89.82511902  86.48648834]
[100.          86.96343231  87.91732788]
[100.          82.67090607  84.89665985]
[100.          77.26550293  82.82988739]
[94.11764526 75.03974915 84.5786972 ]
[94.75357819 79.65023804 91.89189148]
[97.29729462 83.30683899 97.45628357]
[ 96.0254364   82.51192474 100.        ]
[ 95.38950348  76.94753265 100.        ]
[ 84.10174561  62.63911057 100.        ]
[75.19873047 68.20349884 93.64070129]
[73.60890198 64.22893524 87.44038391]
[72.01908112 60.73131943 86.00953674]
[73.7678833  63.434021   84.73767853]
[76.31160736 62.3211441  84.26073456]
[82.35294342 68.83942413 91.57392883]
[ 93.79968262  82.1939621  100.        ]
[ 97.77424622  86.64546967 100.        ]
[ 92.84578705  70.90619659 100.        ]
[72.01908112 63.27503967 93.16374969]
[77.7424469  71.22416687 96.34339905]
[82.67090607 75.03974915 98.72814178]
[85.37361145 75.19873047 99.36406708]
[ 93.00476837  79.49125671 100.        ]
[100.          85.85055542 100.        ]
[ 96.502388    77.10652161 100.        ]
[78.85532379 63.434021   93.48171997]
[69.95230865 54.21303558 85.21463013]
[84.89665985 71.70111084 84.41971588]
[85.53259277 67.40858459 77.42448425]
[100.          83.62480164  88.71224213]
[100.          81.7170105   78.85532379]
[100.          77.42448425  76.47058868]
[100.          67.24960327  80.44515228]
[100.          82.35294342  81.87599182]
[100.          83.78378296  82.35294342]
[100.          82.03497314  81.08107758]
[100.          86.64546967  94.11764526]
[100.          85.37361145  91.89189148]
[100.          89.34817505  99.36406708]
[ 95.70747375  72.49602509 100.        ]
[82.1939621  68.36248016 85.6915741 ]
[87.75834656 75.03974915 87.59936523]
[91.73291016 68.83942413 75.83465576]
[100.          84.26073456  83.14785004]
[100.          88.71224213  81.55802917]
[97.93322754 72.33704376 72.49602509]
[100.          85.53259277  96.18441772]
[100.          87.28140259  83.78378296]
[100.          82.03497314  81.08107758]
[100.          93.64070129  87.75834656]
