<generator object PPO.save_probs.<locals>.<genexpr> at 0x0000022CE039B990>
[58.93719864 64.85507202]
[57.7294693  59.05797195]
[58.81642532 55.1932373 ]
[58.33333206 57.36714935]
[60.14492798 62.43961334]
[58.33333206 57.36714935]
[61.231884   62.19806671]
[58.09178925 57.7294693 ]
[61.231884   62.19806671]
[58.93719864 57.12560272]
[62.43961334 62.0772934 ]
[62.31884003 61.11111069]
[60.26570129 61.83575058]
[59.78260803 63.768116  ]
[59.5410614  63.88888931]
[57.7294693  59.05797195]
[58.69565201 55.91787338]
[57.97101593 58.21255875]
[59.05797195 54.2270546 ]
[59.78260803 57.00482941]
[62.43961334 62.0772934 ]
[62.31884003 61.11111069]
[61.35265732 61.11111069]
[59.78260803 63.64734268]
[59.05797195 64.49275208]
[59.42028809 64.49275208]
[58.09178925 64.00965881]
[57.36714935 59.05797195]
[57.97101593 55.55555725]
[57.7294693  60.86956406]
[58.45410538 56.76328659]
[58.09178925 60.26570129]
[58.69565201 55.91787338]
[58.33333206 58.81642532]
[58.93719864 54.2270546 ]
[60.02415466 57.60869598]
[61.95652008 61.59420395]
[61.59420395 61.11111069]
[60.26570129 62.0772934 ]
[59.05797195 63.52656937]
[59.17874527 65.33816528]
[57.7294693  60.86956406]
[58.57487869 56.0386467 ]
[58.33333206 59.66183472]
[59.05797195 55.43478394]
[59.17874527 57.60869598]
[60.74879074 61.59420395]
[59.17874527 57.60869598]
[60.74879074 61.59420395]
[59.17874527 57.60869598]
[60.74879074 61.59420395]
[59.17874527 57.60869598]
[61.95652008 61.59420395]
[60.50724792 61.11111069]
[59.5410614  62.43961334]
[58.09178925 58.81642532]
[58.93719864 54.2270546 ]
[60.02415466 57.60869598]
[61.95652008 61.59420395]
[61.59420395 61.11111069]
[61.35265732 61.35265732]
[59.42028809 64.85507202]
[59.05797195 64.73429871]
[58.09178925 64.25120544]
[58.09178925 64.97584534]
[57.00482941 60.38647461]
[57.85024261 56.40096664]
[57.36714935 61.35265732]
[57.85024261 56.40096664]
[57.85024261 61.83575058]
[58.33333206 56.88405609]
[57.85024261 61.83575058]
[59.17874527 56.76328659]
[58.45410538 61.95652008]
[59.66183472 56.15942001]
[58.69565201 60.38647461]
[59.5410614  55.07246399]
[60.62801743 59.5410614 ]
[62.0772934  61.47343063]
[60.86956406 61.83575058]
[59.29951859 63.04347992]
[59.29951859 60.86956406]
[59.66183472 56.15942001]
[58.69565201 60.38647461]
[60.50724792 54.46859741]
[60.86956406 58.81642532]
[62.0772934  61.47343063]
[61.95652008 61.83575058]
[60.50724792 62.9227066 ]
[59.5410614  64.25120544]
[59.05797195 64.97584534]
[58.45410538 62.19806671]
[58.93719864 57.60869598]
[58.09178925 62.80193329]
[58.33333206 58.09178925]
[58.45410538 61.95652008]
[58.57487869 57.36714935]
[58.57487869 60.99033737]
[58.93719864 56.40096664]
[61.71497726 61.47343063]
[62.80193329 64.37197876]
[60.74879074 62.19806671]
[61.95652008 57.00482941]
[62.56038666 61.47343063]
[63.88888931 64.37197876]
[61.71497726 61.47343063]
[63.768116   63.64734268]
[62.68115997 64.25120544]
[61.231884   65.21739197]
[60.99033737 63.40579605]
[61.71497726 58.09178925]
[60.74879074 62.19806671]
[61.59420395 56.88405609]
[62.56038666 61.47343063]
[63.768116   63.64734268]
[62.68115997 64.25120544]
[61.231884   65.21739197]
[61.35265732 62.80193329]
[61.59420395 57.60869598]
[61.95652008 60.74879074]
[62.68115997 63.64734268]
[61.11111069 61.47343063]
[62.43961334 56.40096664]
[62.80193329 60.74879074]
[63.768116   63.64734268]
[63.64734268 64.25120544]
[61.59420395 64.49275208]
[60.99033737 62.19806671]
[61.59420395 57.60869598]
[61.95652008 60.74879074]
[63.768116   63.64734268]
[62.68115997 64.25120544]
[61.231884   65.21739197]
[61.35265732 62.80193329]
[61.71497726 58.09178925]
[61.95652008 60.74879074]
[62.68115997 63.64734268]
[61.11111069 61.47343063]
[62.43961334 56.40096664]
[62.80193329 60.74879074]
[63.768116   63.64734268]
[63.64734268 64.25120544]
[62.68115997 63.64734268]
[61.11111069 61.47343063]
[62.43961334 56.40096664]
[62.80193329 60.74879074]
[63.768116   63.64734268]
[63.64734268 64.25120544]
[62.9227066  64.37197876]
[60.86956406 60.99033737]
[62.43961334 56.40096664]
[62.56038666 60.26570129]
[64.00965881 64.37197876]
[62.56038666 60.26570129]
[64.00965881 64.37197876]
[62.56038666 60.26570129]
[64.00965881 64.37197876]
[62.56038666 60.26570129]
[64.97584534 63.04347992]
[63.64734268 64.25120544]
[64.00965881 64.37197876]
[62.56038666 60.26570129]
[64.13043213 64.73429871]
[62.0772934  59.78260803]
[64.13043213 64.73429871]
[62.0772934  59.78260803]
[65.09661865 63.40579605]
[64.25120544 64.37197876]
[64.13043213 64.73429871]
[62.0772934  59.78260803]
[63.768116 63.768116]
[64.25120544 64.37197876]
[63.768116 63.768116]
[64.25120544 64.37197876]
[62.80193329 63.64734268]
[61.59420395 59.42028809]
[63.768116 63.768116]
[64.25120544 64.37197876]
[62.31884003 63.28502274]
[61.59420395 59.42028809]
[63.28502274 63.28502274]
[64.25120544 64.37197876]
[62.31884003 63.28502274]
[61.59420395 59.42028809]
[63.28502274 63.28502274]
[64.61352539 64.85507202]
[62.31884003 63.28502274]
[61.59420395 59.42028809]
[63.28502274 63.28502274]
[64.61352539 64.85507202]
[62.43961334 63.16424942]
[62.31884003 59.42028809]
[63.40579605 63.16424942]
[64.61352539 64.85507202]
[63.40579605 63.16424942]
[64.61352539 64.85507202]
[62.43961334 63.16424942]
[62.31884003 59.42028809]
[63.40579605 63.16424942]
[64.37197876 64.00965881]
[64.49275208 64.61352539]
[63.40579605 63.88888931]
[61.71497726 62.9227066 ]
[61.35265732 59.17874527]
[63.64734268 62.19806671]
[64.37197876 64.00965881]
[64.49275208 64.61352539]
[62.31884003 64.73429871]
[61.47343063 63.52656937]
[61.35265732 59.78260803]
[62.68115997 62.19806671]
[63.40579605 63.88888931]
[62.68115997 62.19806671]
[63.40579605 63.88888931]
[62.68115997 62.19806671]
[63.40579605 63.88888931]
[61.71497726 62.9227066 ]
[62.0772934  58.69565201]
[63.64734268 62.19806671]
[64.37197876 64.00965881]
[64.49275208 64.61352539]
[63.40579605 63.88888931]
[61.71497726 62.9227066 ]
[62.0772934  58.69565201]
[63.64734268 62.19806671]
[64.37197876 64.00965881]
[64.49275208 64.61352539]
[63.64734268 64.49275208]
[61.35265732 62.31884003]
[62.0772934  58.69565201]
[63.28502274 61.59420395]
[64.61352539 64.61352539]
[64.49275208 64.61352539]
[63.64734268 64.49275208]
[62.31884003 61.59420395]
[63.64734268 64.49275208]
[62.31884003 61.59420395]
[64.61352539 64.61352539]
[63.52656937 64.61352539]
[62.56038666 65.33816528]
[61.11111069 62.80193329]
[62.0772934  58.69565201]
[63.28502274 61.59420395]
[64.61352539 64.61352539]
[64.49275208 64.61352539]
[63.64734268 64.85507202]
[61.71497726 60.99033737]
[64.61352539 64.97584534]
[62.68115997 60.99033737]
[64.61352539 64.97584534]
[62.68115997 60.99033737]
[64.61352539 64.97584534]
[62.68115997 60.99033737]
[65.21739197 62.80193329]
[66.06280518 63.768116  ]
[64.49275208 65.82125854]
[64.13043213 64.73429871]
[62.0772934  65.09661865]
[60.99033737 61.59420395]
[61.35265732 59.17874527]
[62.9227066  60.50724792]
[64.25120544 64.00965881]
[65.09661865 64.73429871]
[64.49275208 65.82125854]
[63.40579605 65.70048523]
[61.59420395 64.49275208]
[60.99033737 61.59420395]
[62.0772934  58.69565201]
[62.9227066  60.50724792]
[64.85507202 61.95652008]
[66.42511749 64.13043213]
[64.49275208 65.82125854]
[64.49275208 64.97584534]
[61.95652008 63.768116  ]
[61.231884   61.11111069]
[63.04347992 63.04347992]
[65.4589386  65.09661865]
[63.52656937 65.82125854]
[63.04347992 67.02898407]
[61.59420395 65.33816528]
[60.74879074 62.56038666]
[61.35265732 59.78260803]
[62.9227066  60.50724792]
[64.00965881 63.16424942]
[65.4589386  65.09661865]
[64.49275208 65.82125854]
[62.56038666 62.43961334]
[60.14492798 64.61352539]
[60.50724792 64.85507202]
[59.5410614  63.40579605]
[58.69565201 60.62801743]
[59.5410614  58.45410538]
[60.14492798 58.45410538]
[62.19806671 61.11111069]
[63.64734268 62.56038666]
[62.56038666 63.28502274]
[61.35265732 63.28502274]
[60.02415466 63.04347992]
[58.93719864 59.5410614 ]
[60.14492798 56.76328659]
[61.35265732 57.85024261]
[63.04347992 59.78260803]
[64.13043213 60.99033737]
[63.40579605 62.56038666]
[62.68115997 64.37197876]
[60.14492798 64.61352539]
[59.90338135 63.52656937]
[59.17874527 62.0772934 ]
[58.81642532 59.05797195]
[58.93719864 57.60869598]
[60.14492798 56.88405609]
[61.83575058 59.42028809]
[63.04347992 61.231884  ]
[62.19806671 62.56038666]
[61.95652008 61.11111069]
[60.14492798 63.40579605]
[60.38647461 63.16424942]
[59.17874527 62.0772934 ]
[59.29951859 58.09178925]
[59.66183472 60.02415466]
[60.02415466 56.40096664]
[61.83575058 59.42028809]
[63.04347992 61.231884  ]
[62.19806671 62.31884003]
[60.74879074 61.59420395]
[59.5410614  60.50724792]
[59.17874527 56.88405609]
[61.95652008 59.42028809]
[63.04347992 60.99033737]
[62.19806671 62.31884003]
[60.62801743 61.47343063]
[59.90338135 60.14492798]
[59.29951859 56.40096664]
[62.19806671 59.05797195]
[63.04347992 61.35265732]
[62.0772934  62.19806671]
[60.86956406 61.95652008]
[58.81642532 58.21255875]
[59.90338135 61.83575058]
[58.81642532 58.21255875]
[60.99033737 61.11111069]
[58.81642532 58.21255875]
[60.99033737 61.11111069]
[58.81642532 58.21255875]
[60.99033737 61.11111069]
[60.02415466 57.24637604]
[60.99033737 60.99033737]
[60.38647461 61.95652008]
[59.78260803 62.19806671]
[58.93719864 59.29951859]
[58.93719864 56.0386467 ]
[60.02415466 57.24637604]
[61.95652008 60.74879074]
[61.35265732 61.83575058]
[59.90338135 61.71497726]
[58.81642532 58.21255875]
[59.90338135 61.71497726]
[58.93719864 57.97101593]
[60.99033737 60.99033737]
[59.5410614 62.9227066]
[59.78260803 63.16424942]
[61.231884   60.99033737]
[62.0772934  64.00965881]
[61.11111069 60.02415466]
[62.19806671 63.52656937]
[61.11111069 60.02415466]
[62.19806671 63.52656937]
[61.231884   59.78260803]
[63.28502274 62.80193329]
[61.71497726 64.85507202]
[62.0772934  64.85507202]
[61.231884   60.99033737]
[62.0772934  64.00965881]
[61.231884   60.99033737]
[62.0772934  64.00965881]
[61.11111069 60.02415466]
[62.19806671 63.52656937]
[61.11111069 60.02415466]
[62.19806671 63.52656937]
[61.231884   59.78260803]
[63.28502274 62.80193329]
[61.71497726 64.85507202]
[62.0772934  64.85507202]
[61.231884   60.99033737]
[62.0772934  64.00965881]
[61.231884   60.99033737]
[62.0772934  64.00965881]
[61.11111069 60.02415466]
[62.19806671 63.52656937]
[61.11111069 60.02415466]
[63.28502274 62.80193329]
[61.71497726 64.85507202]
[62.0772934  64.85507202]
[61.231884   60.99033737]
[62.0772934  64.00965881]
[61.231884   60.99033737]
[62.0772934  64.00965881]
[61.11111069 60.02415466]
[62.19806671 63.52656937]
[61.11111069 60.02415466]
[62.19806671 63.52656937]
[61.231884   59.78260803]
[63.28502274 62.80193329]
[61.71497726 64.85507202]
[62.0772934  64.85507202]
[61.231884   60.99033737]
[62.0772934  64.00965881]
[63.88888931 64.25120544]
[64.00965881 61.231884  ]
[64.97584534 62.19806671]
[66.78743744 65.82125854]
[66.18357849 67.39130402]
[64.85507202 66.78743744]
[63.88888931 62.9227066 ]
[65.94203186 66.06280518]
[64.97584534 62.19806671]
[65.94203186 66.06280518]
[64.97584534 62.19806671]
[67.02898407 66.18357849]
[65.70048523 67.51207733]
[65.09661865 67.2705307 ]
[63.40579605 62.31884003]
[66.18357849 66.54589081]
[64.37197876 61.71497726]
[66.18357849 66.54589081]
[64.37197876 61.71497726]
[67.02898407 66.18357849]
[66.66666412 67.39130402]
[66.18357849 66.54589081]
[63.40579605 62.31884003]
[66.18357849 66.54589081]
[64.37197876 61.71497726]
[67.02898407 66.18357849]
[66.66666412 67.39130402]
[65.82125854 65.33816528]
[65.70048523 67.51207733]
[64.49275208 66.54589081]
[63.28502274 62.68115997]
[64.73429871 66.06280518]
[63.40579605 62.31884003]
[65.82125854 65.33816528]
[65.70048523 67.51207733]
[64.73429871 66.06280518]
[63.40579605 62.31884003]
[65.82125854 65.33816528]
[65.70048523 67.51207733]
[64.49275208 66.54589081]
[63.28502274 62.68115997]
[65.82125854 65.33816528]
[65.70048523 67.51207733]
[64.49275208 66.54589081]
[63.28502274 62.68115997]
[64.73429871 66.06280518]
[63.768116  62.0772934]
[65.82125854 65.33816528]
[65.70048523 67.51207733]
[64.73429871 66.06280518]
[63.768116  62.0772934]
[65.82125854 65.33816528]
[65.70048523 67.51207733]
[64.37197876 65.57971191]
[63.768116  62.0772934]
[65.57971191 64.85507202]
[65.70048523 67.51207733]
[64.37197876 65.57971191]
[63.768116  62.0772934]
[65.57971191 64.85507202]
[66.06280518 67.75362396]
[64.37197876 65.57971191]
[63.768116  62.0772934]
[66.42511749 64.49275208]
[66.90821075 67.63285065]
[65.57971191 64.85507202]
[66.06280518 67.75362396]
[64.37197876 65.57971191]
[63.768116  62.0772934]
[65.57971191 64.85507202]
[66.06280518 67.75362396]
[64.37197876 65.09661865]
[64.73429871 61.47343063]
[66.42511749 64.25120544]
[66.90821075 67.63285065]
[70.16908264 68.47826385]
[70.6521759  72.10144806]
[68.96134949 69.0821228 ]
[69.32366943 65.4589386 ]
[71.01449585 68.23671722]
[71.49758148 71.98067474]
[70.16908264 68.47826385]
[70.6521759  72.10144806]
[70.16908264 68.47826385]
[70.6521759  72.10144806]
[68.47826385 68.84057617]
[68.35749054 66.06280518]
[70.53140259 67.99517059]
[71.25603485 71.37680817]
[69.68598938 68.23671722]
[70.41062927 71.49758148]
[69.44444275 67.14975739]
