actor_1,actor_2
28.898513793945312, 29.900989532470703
