<generator object TPPO.save_probs.<locals>.<genexpr> at 0x00000149A9D869D0>
[11.22071552 14.1800251 ]
[37.11467361 11.0974102 ]
[11.22071552 14.1800251 ]
[37.11467361 11.0974102 ]
[ 8.50801468 18.86559868]
[37.11467361 11.0974102 ]
[ 8.50801468 18.86559868]
[37.11467361 11.0974102 ]
[ 8.75462437 14.05671978]
[24.53760719  9.61775589]
[ 8.13810158 20.09864426]
[32.1824913  12.08384705]
[ 8.01479626 15.65967941]
[32.1824913  12.08384705]
[ 8.01479626 15.65967941]
[25.77065277 10.60419273]
[ 8.01479626 15.65967941]
[25.77065277 10.60419273]
[ 9.24784184 13.31689262]
[25.77065277 10.60419273]
[ 9.24784184 13.31689262]
[21.70160294  9.49445152]
[ 9.24784184 13.31689262]
[21.70160294  9.49445152]
[10.7274971  10.97410583]
[21.70160294  9.49445152]
[10.7274971  10.97410583]
[21.70160294  9.49445152]
[10.7274971  10.97410583]
[21.70160294  9.49445152]
[9.61775589 9.37114716]
[ 6.16522789 16.39950752]
[11.83723831 10.23427868]
[ 8.01479626 18.0024662 ]
[11.83723831 10.23427868]
[ 8.01479626 18.0024662 ]
[11.83723831 10.23427868]
[ 8.01479626 18.0024662 ]
[11.83723831 10.23427868]
[ 8.01479626 18.0024662 ]
[11.0974102  11.96054268]
[21.20838547  9.74106026]
[11.83723831 10.23427868]
[ 8.01479626 18.0024662 ]
[11.83723831 10.23427868]
[ 8.01479626 18.0024662 ]
[11.0974102  11.96054268]
[21.20838547  9.74106026]
[11.83723831 10.23427868]
[ 8.01479626 18.0024662 ]
[12.33045578  9.37114716]
[ 8.01479626 18.0024662 ]
[12.33045578 10.60419273]
[ 8.01479626 18.0024662 ]
[12.33045578 10.60419273]
[ 6.90505552 21.4549942 ]
[12.33045578 10.60419273]
[ 6.90505552 21.4549942 ]
[12.33045578 10.60419273]
[ 6.90505552 21.4549942 ]
[14.1800251  11.96054268]
[ 6.90505552 21.4549942 ]
[14.1800251  11.96054268]
[ 6.90505552 21.4549942 ]
[14.1800251  11.96054268]
[ 6.4118371  27.99013519]
[14.1800251  11.96054268]
[ 6.4118371  27.99013519]
[21.20838547 14.30332947]
[ 6.4118371  27.99013519]
[21.20838547 14.30332947]
[ 6.16522789 39.95067978]
[21.20838547 14.30332947]
[ 6.16522789 39.95067978]
[21.20838547 14.30332947]
[ 6.16522789 39.95067978]
[21.20838547 14.30332947]
[ 6.16522789 39.95067978]
[14.79654789 18.0024662 ]
[44.26633835 12.33045578]
[14.79654789 18.0024662 ]
[44.26633835 12.33045578]
[11.83723831 14.5499382 ]
[27.25030899 11.0974102 ]
[11.0974102  11.96054268]
[18.74229431  8.87792873]
[11.83723831 10.23427868]
[ 8.01479626 18.0024662 ]
[11.83723831 10.23427868]
[ 8.01479626 18.0024662 ]
[12.33045578  9.37114716]
[ 8.01479626 18.0024662 ]
[12.33045578 10.60419273]
[ 8.01479626 18.0024662 ]
[12.33045578 10.60419273]
[ 6.90505552 21.4549942 ]
[12.33045578 10.60419273]
[ 6.90505552 21.4549942 ]
[12.33045578 10.60419273]
[ 6.90505552 21.4549942 ]
[14.1800251  11.96054268]
[ 6.90505552 21.4549942 ]
[14.1800251  11.96054268]
[ 6.4118371  27.99013519]
[12.33045578  9.24784184]
[ 7.15166473 22.93464851]
[16.64611626 10.97410583]
[ 7.15166473 22.93464851]
[16.64611626 10.97410583]
[ 6.65844631 33.29223251]
[16.64611626 10.97410583]
[ 6.65844631 33.29223251]
[16.64611626 10.97410583]
[ 6.65844631 33.29223251]
[16.64611626 10.97410583]
[ 6.65844631 33.29223251]
[13.19358826 13.56350231]
[30.57953072 10.23427868]
[13.19358826 13.56350231]
[30.57953072 10.23427868]
[11.34401989 10.60419273]
[ 7.15166473 22.93464851]
[11.34401989 10.60419273]
[ 7.15166473 22.93464851]
[13.19358826 13.56350231]
[30.57953072 10.23427868]
[11.34401989 10.60419273]
[ 7.15166473 22.93464851]
[11.34401989 10.60419273]
[ 7.15166473 22.93464851]
[13.19358826 13.56350231]
[30.57953072 10.23427868]
[11.34401989 10.60419273]
[ 7.15166473 22.93464851]
[13.19358826 13.56350231]
[20.46855736  9.12453747]
[11.34401989 10.60419273]
[ 7.76818752 17.75585747]
[11.34401989 10.60419273]
[ 7.15166473 22.93464851]
[13.19358826 13.56350231]
[30.57953072 10.23427868]
[11.34401989 10.60419273]
[ 7.15166473 22.93464851]
[13.19358826 13.56350231]
[30.57953072 10.23427868]
[11.34401989 10.60419273]
[ 7.15166473 22.93464851]
[11.34401989 10.60419273]
[ 7.15166473 22.93464851]
[13.19358826 13.56350231]
[30.57953072 10.23427868]
[11.34401989 10.60419273]
[ 7.15166473 22.93464851]
[13.19358826 13.56350231]
[30.57953072 10.23427868]
[11.34401989 10.60419273]
[ 7.15166473 22.93464851]
[13.19358826 13.56350231]
[37.11467361 11.0974102 ]
[10.48088741 10.85080147]
[24.53760719  9.61775589]
[ 9.98766994 12.94697857]
[25.77065277 10.60419273]
[10.7274971  10.97410583]
[21.70160294  9.49445152]
[11.83723831 10.23427868]
[ 8.01479626 18.0024662 ]
[11.83723831 10.23427868]
[ 8.01479626 18.0024662 ]
[11.0974102  11.96054268]
[21.20838547  9.74106026]
[11.83723831 10.23427868]
[ 8.01479626 18.0024662 ]
[11.0974102  11.96054268]
[21.20838547  9.74106026]
[11.83723831 10.23427868]
[ 8.01479626 18.0024662 ]
[11.83723831 10.23427868]
[ 8.01479626 18.0024662 ]
[11.0974102  11.96054268]
[21.20838547  9.74106026]
[11.83723831 10.23427868]
[ 8.01479626 18.0024662 ]
[11.83723831 10.23427868]
[ 8.01479626 18.0024662 ]
[11.0974102  11.96054268]
[21.20838547  9.74106026]
[11.83723831 10.23427868]
[ 8.01479626 18.0024662 ]
[12.33045578  9.37114716]
[ 8.01479626 18.0024662 ]
[12.33045578  9.37114716]
[ 8.01479626 18.0024662 ]
[12.33045578 10.60419273]
[ 8.01479626 18.0024662 ]
[12.33045578 10.60419273]
[ 6.90505552 21.4549942 ]
[11.46732426  8.26140594]
[ 6.90505552 21.4549942 ]
[11.46732426  8.26140594]
[ 7.76818752 17.75585747]
[11.46732426  8.26140594]
[ 7.76818752 17.75585747]
[12.33045578  9.24784184]
[ 7.76818752 17.75585747]
[12.33045578  9.24784184]
[ 7.15166473 22.93464851]
[12.33045578  9.24784184]
[ 7.15166473 22.93464851]
[12.33045578  9.24784184]
[ 7.15166473 22.93464851]
[12.33045578  9.24784184]
[ 7.15166473 22.93464851]
[16.64611626 10.97410583]
[ 7.15166473 22.93464851]
[16.64611626 10.97410583]
[ 6.65844631 33.29223251]
[16.64611626 10.97410583]
[ 6.65844631 33.29223251]
[16.64611626 10.97410583]
[ 6.65844631 33.29223251]
[16.64611626 10.97410583]
[ 6.65844631 33.29223251]
[16.64611626 10.97410583]
[ 6.65844631 33.29223251]
[13.19358826 13.56350231]
[30.57953072 10.23427868]
[13.19358826 13.56350231]
[30.57953072 10.23427868]
[11.34401989 10.60419273]
[ 7.15166473 22.93464851]
[11.34401989 10.60419273]
[ 7.15166473 22.93464851]
[13.19358826 13.56350231]
[30.57953072 10.23427868]
[11.34401989 10.60419273]
[ 7.15166473 22.93464851]
[11.34401989 10.60419273]
[ 7.15166473 22.93464851]
[13.19358826 13.56350231]
[30.57953072 10.23427868]
[11.34401989 10.60419273]
[ 7.15166473 22.93464851]
[13.19358826 13.56350231]
[30.57953072 10.23427868]
[11.34401989 10.60419273]
[ 7.76818752 17.75585747]
[11.34401989 10.60419273]
[ 7.15166473 22.93464851]
[13.19358826 13.56350231]
[30.57953072 10.23427868]
[11.34401989 10.60419273]
[ 7.15166473 22.93464851]
[13.19358826 13.56350231]
[30.57953072 10.23427868]
[11.34401989 10.60419273]
[ 7.15166473 22.93464851]
[11.34401989 10.60419273]
[ 7.15166473 22.93464851]
[13.19358826 13.56350231]
[30.57953072 10.23427868]
[11.34401989 10.60419273]
[ 7.15166473 22.93464851]
[13.19358826 13.56350231]
[30.57953072 10.23427868]
[11.34401989 10.60419273]
[ 7.15166473 22.93464851]
[11.22071552 14.1800251 ]
[37.11467361 11.0974102 ]
[10.48088741 10.85080147]
[24.53760719  9.61775589]
[9.98766994 9.37114716]
[ 6.53514194 17.6325531 ]
[10.48088741 10.85080147]
[24.53760719  9.61775589]
[10.48088741 10.85080147]
[24.53760719  9.61775589]
[9.98766994 9.37114716]
[ 6.53514194 17.6325531 ]
[10.48088741 10.85080147]
[24.53760719  9.61775589]
[9.98766994 9.37114716]
[ 6.53514194 17.6325531 ]
[10.48088741 10.85080147]
[24.53760719  9.61775589]
[9.98766994 9.37114716]
[ 6.53514194 17.6325531 ]
[10.48088741 10.85080147]
[24.53760719  9.61775589]
[9.98766994 9.37114716]
[ 6.53514194 17.6325531 ]
[10.48088741 10.85080147]
[24.53760719  9.61775589]
[9.98766994 9.37114716]
[ 7.76818752 17.75585747]
[10.48088741 10.85080147]
[24.53760719  9.61775589]
[ 9.98766994 12.94697857]
[25.77065277 10.60419273]
[11.83723831 10.23427868]
[ 8.01479626 18.0024662 ]
[11.0974102  11.96054268]
[21.20838547  9.74106026]
[11.83723831 10.23427868]
[ 8.01479626 18.0024662 ]
[11.0974102  11.96054268]
[21.20838547  9.74106026]
[11.83723831 10.23427868]
[ 8.01479626 18.0024662 ]
[11.0974102  11.96054268]
[21.20838547  9.74106026]
[11.83723831 10.23427868]
[ 8.01479626 18.0024662 ]
[11.0974102  11.96054268]
[21.20838547  9.74106026]
[11.83723831 10.23427868]
[ 8.01479626 18.0024662 ]
[11.83723831 10.23427868]
[ 8.01479626 18.0024662 ]
[11.0974102  11.96054268]
[21.20838547  9.74106026]
[11.83723831 10.23427868]
[ 8.01479626 18.0024662 ]
[11.83723831 10.23427868]
[ 8.01479626 18.0024662 ]
[12.33045578  9.37114716]
[ 8.01479626 18.0024662 ]
[12.33045578 10.60419273]
[ 6.90505552 21.4549942 ]
[12.33045578 10.60419273]
[ 6.90505552 21.4549942 ]
[12.33045578 10.60419273]
[ 6.90505552 21.4549942 ]
[12.33045578  9.24784184]
[ 7.76818752 17.75585747]
[12.33045578  9.24784184]
[ 7.15166473 22.93464851]
[12.33045578  9.24784184]
[ 7.15166473 22.93464851]
[16.64611626 10.97410583]
[ 7.15166473 22.93464851]
[16.64611626 10.97410583]
[ 6.65844631 33.29223251]
[16.64611626 10.97410583]
[ 6.65844631 33.29223251]
[16.64611626 10.97410583]
[ 6.65844631 33.29223251]
[13.19358826 13.56350231]
[30.57953072 10.23427868]
[13.19358826 13.56350231]
[30.57953072 10.23427868]
[11.34401989 10.60419273]
[ 7.76818752 17.75585747]
[11.34401989 10.60419273]
[ 7.15166473 22.93464851]
[13.19358826 13.56350231]
[20.46855736  9.12453747]
[11.0974102  9.0012331]
[ 7.76818752 17.75585747]
[11.34401989 10.60419273]
[ 7.15166473 22.93464851]
[13.19358826 13.56350231]
[20.46855736  9.12453747]
[11.0974102  9.0012331]
[ 7.76818752 17.75585747]
[11.34401989 10.60419273]
[ 7.15166473 22.93464851]
[13.19358826 13.56350231]
[20.46855736  9.12453747]
[11.0974102  9.0012331]
[ 7.76818752 17.75585747]
[11.34401989 10.60419273]
[ 7.15166473 22.93464851]
[13.19358826 13.56350231]
[20.46855736  9.12453747]
[11.0974102  9.0012331]
[ 7.76818752 17.75585747]
[11.34401989 10.60419273]
[ 7.15166473 22.93464851]
[13.19358826 13.56350231]
[30.57953072 10.23427868]
[11.34401989 10.60419273]
[ 7.76818752 17.75585747]
[11.34401989 10.60419273]
[ 7.15166473 22.93464851]
[13.19358826 13.56350231]
[30.57953072 10.23427868]
[11.34401989 10.60419273]
[ 7.15166473 22.93464851]
[13.19358826 13.56350231]
[20.46855736  9.12453747]
[11.0974102  9.0012331]
[ 7.76818752 17.75585747]
[11.34401989 10.60419273]
[ 7.15166473 22.93464851]
[13.19358826 13.56350231]
[30.57953072 10.23427868]
[11.34401989 10.60419273]
[ 7.15166473 22.93464851]
[13.19358826 13.56350231]
[30.57953072 10.23427868]
[11.34401989 10.60419273]
[ 7.15166473 22.93464851]
[11.34401989 10.60419273]
[ 7.15166473 22.93464851]
[13.19358826 13.56350231]
[30.57953072 10.23427868]
[11.34401989 10.60419273]
[ 7.15166473 22.93464851]
[13.19358826 13.56350231]
[37.11467361 11.0974102 ]
[10.48088741 10.85080147]
[24.53760719  9.61775589]
[9.98766994 9.37114716]
[ 5.91861916 22.56473541]
[10.48088741 10.85080147]
[24.53760719  9.61775589]
[10.48088741 10.85080147]
[24.53760719  9.61775589]
[ 9.98766994 12.94697857]
[25.77065277 10.60419273]
[10.7274971  10.97410583]
[21.70160294  9.49445152]
[11.83723831 10.23427868]
[ 8.01479626 18.0024662 ]
[11.83723831 10.23427868]
[ 8.01479626 18.0024662 ]
[11.0974102  11.96054268]
[21.20838547  9.74106026]
[11.83723831 10.23427868]
[ 8.01479626 18.0024662 ]
[11.0974102  11.96054268]
[21.20838547  9.74106026]
[11.83723831 10.23427868]
[ 8.01479626 18.0024662 ]
[11.83723831 10.23427868]
[ 8.01479626 18.0024662 ]
[11.0974102  11.96054268]
[21.20838547  9.74106026]
[11.83723831 10.23427868]
[ 8.01479626 18.0024662 ]
[11.83723831 10.23427868]
[ 8.01479626 18.0024662 ]
[12.33045578 10.60419273]
[ 8.01479626 18.0024662 ]
[12.33045578 10.60419273]
[ 6.90505552 21.4549942 ]
[12.33045578 10.60419273]
[ 6.90505552 21.4549942 ]
[14.1800251  11.96054268]
[ 6.90505552 21.4549942 ]
[12.33045578  9.24784184]
[ 7.15166473 22.93464851]
[12.33045578  9.24784184]
[ 7.15166473 22.93464851]
[16.64611626 10.97410583]
[ 7.15166473 22.93464851]
[16.64611626 10.97410583]
[ 6.65844631 33.29223251]
[16.64611626 10.97410583]
[ 6.65844631 33.29223251]
[13.19358826 13.56350231]
[30.57953072 10.23427868]
[13.19358826 13.56350231]
[20.46855736  9.12453747]
[11.0974102  9.0012331]
[ 7.76818752 17.75585747]
[11.34401989 10.60419273]
[ 7.15166473 22.93464851]
[11.34401989 10.60419273]
[ 7.15166473 22.93464851]
[13.19358826 13.56350231]
[30.57953072 10.23427868]
[11.34401989 10.60419273]
[ 7.15166473 22.93464851]
[11.34401989 10.60419273]
[ 7.15166473 22.93464851]
[13.19358826 13.56350231]
[30.57953072 10.23427868]
[11.34401989 10.60419273]
[ 7.15166473 22.93464851]
[11.34401989 10.60419273]
[ 7.15166473 22.93464851]
[13.19358826 13.56350231]
[30.57953072 10.23427868]
[11.34401989 10.60419273]
[ 7.15166473 22.93464851]
[13.19358826 13.56350231]
[20.46855736  9.12453747]
[11.0974102  9.0012331]
[ 7.76818752 17.75585747]
[11.34401989 10.60419273]
[ 7.15166473 22.93464851]
[13.19358826 13.56350231]
[30.57953072 10.23427868]
[11.34401989 10.60419273]
[ 7.15166473 22.93464851]
[11.34401989 10.60419273]
